16EME NORD	SHC5921B012A03	1026279	1	2	1	1	1	1	1	1	1	1	1	1	1	1	1	1	1	2	1	1	1	2	3	2	1	1	1	1	1	1	3	5	3	3	3	1	1	1	3	1	3	3	1	4	1	4	1	4	1	2	1	1	1	0	1	1	1	1	1	1	5	1	2	1	1	1	1	2	1	1	1	1	1	1	1	1	1	1	1	2	1	1	1	1	2	1	1	1	1	1	2	1	1	3	1	1	1	1	2	1	2	1	1	1	1	1	1	1	1	1	1	2	1	1	1	1	2	2	1	3	1	1	10	4	4	5	5	5	8	4	1	1	1	1	2	1	1	1	1	1	1	1	1	1	1	1	1	1	2	1	1	1	1	0	1	1	1	1
3Colour 三彩	SHC5921B017N02	1026280	11	11	17	20	15	11	12	13	14	12	17	16	7	10	8	12	16	38	19	9	13	5	8	11	15	7	10	12	4	14	1	1	1	1	1	1	1	1	1	1	1	3	4	4	4	4	4	4	4	4	4	4	4	4	4	4	4	4	4	4	4	1	1	1	1	1	1	1	1	1	1	1	1	1	1	1	1	1	1	1	1	1	1	1	1	1	1	1	1	1	1	1	1	1	1	1	1	1	1	1	1	1	1	1	1	1	1	1	1	1	1	1	1	1	1	1	1	1	1	1	1	1	1	1	14	7	17	17	17	6	6	5	9	13	9	12	20	8	6	3	3	11	15	13	7	2	2	2	7	12	15	3	7	2	2	3	14	6
3colour三彩	SHC5922D027N02	4709-11-09	0	0	0	0	0	0	0	0	0	0	0	0	0	0	0	0	0	0	0	0	0	0	0	0	0	0	0	0	0	0	0	0	0	0	0	0	0	0	0	0	0	0	0	0	0	0	0	0	0	0	0	0	0	0	0	0	0	0	0	0	0	0	0	0	0	0	0	0	0	0	0	0	0	0	0	0	0	0	0	0	0	0	0	0	0	0	0	0	0	0	0	0	0	0	0	0	0	0	0	0	0	0	0	0	0	0	0	0	0	0	0	0	0	0	0	0	0	0	0	0	0	0	0	0	0	0	0	0	0	0	0	0	0	0	0	0	0	0	0	0	0	0	0	0	0	0	0	1	1	1	1	1	1	4	2	3	13	7
5V	SHC5922B013N01	1026281	1	1	1	1	1	1	1	1	3	2	1	1	1	1	1	1	1	1	1	1	1	1	1	1	1	1	1	1	1	1	1	1	1	1	1	1	1	1	1	1	1	1	1	1	1	1	1	1	1	1	1	1	1	1	1	1	1	1	1	1	0	1	1	1	1	1	1	1	1	1	1	1	1	1	1	1	1	1	1	1	1	1	1	1	1	1	1	1	1	1	1	1	1	1	1	1	1	0	1	1	1	1	1	1	1	1	1	1	1	1	1	1	1	1	1	1	1	1	1	1	1	2	1	2	2	2	2	1	1	0	1	1	1	0	1	1	1	1	2	0	1	1	1	1	0	1	1	1	1	1	1	1	1	1	1	0	0	1
825ing	SHC5922D026N02	1037066	0	0	0	0	0	0	0	0	0	0	0	0	0	0	0	0	0	0	0	0	0	0	0	0	0	0	0	0	0	0	1	1	1	1	1	1	1	1	1	1	3	3	4	4	4	4	4	4	7	1	5	5	5	5	5	5	1	5	5	5	1	1	2	2	1	2	2	1	1	2	2	1	1	2	3	1	1	1	1	2	1	1	1	2	1	2	2	2	1	3	1	1	1	1	1	1	1	1	1	1	1	1	1	1	1	1	1	1	1	3	1	1	1	1	1	3	1	1	1	1	1	2	1	1	1	1	2	1	1	1	1	1	1	1	2	1	1	1	1	1	1	1	1	1	1	1	1	1	3	1	1	1	2	1	1	1	1	1
A/K	SHC5922B004A02	1037230	0	0	0	0	0	0	0	0	0	1	1	1	1	1	1	1	1	1	1	1	1	1	1	1	1	1	1	2	2	1	2	1	1	1	3	1	1	1	1	1	1	1	5	1	4	6	1	8	1	1	1	1	6	5	4	1	4	1	4	1	4	4	1	1	1	1	1	1	1	1	1	1	1	4	1	3	1	1	1	1	1	1	1	1	1	1	1	1	2	1	1	1	1	1	1	3	1	1	1	1	1	1	1	2	1	1	1	1	1	1	1	1	1	1	1	2	1	1	1	1	1	1	1	1	1	1	2	1	1	1	1	1	1	1	1	1	1	1	1	1	1	1	1	1	1	1	1	1	1	3	1	1	1	1	1	1	1	1
ACT	SHC5922H002N01	#N/A	0	1	0	1	0	0	0	0	0	0	0	0	0	0	0	0	0	0	0	0	0	0	0	0	0	0	0	0	0	0	0	0	0	0	0	0	0	0	0	0	0	0	0	0	0	0	0	0	0	0	0	0	0	0	0	0	0	0	0	0	0	0	0	0	0	0	0	0	0	0	0	0	0	0	0	0	0	0	0	0	0	0	0	0	0	0	0	0	0	0	0	0	0	0	0	0	0	0	0	0	0	0	0	0	0	0	0	0	0	0	0	0	0	0	0	0	0	0	0	0	0	0	0	0	0	0	0	0	0	0	0	0	0	0	0	0	0	0	0	0	0	0	0	0	0	0	0	0	0	0	0	0	0	0	0	0	0	0
AJiDou 阿吉豆	SHC5922B009N01	1026287	17	16	20	34	18	12	12	12	17	28	41	21	13	17	6	21	34	49	5	13	10	13	12	12	7	9	5	8	12	4	51	41	22	32	19	21	22	33	38	22	14	20	23	30	48	57	25	18	17	18	25	28	39	22	23	18	15	21	38	28	16	14	22	30	19	43	43	17	21	25	19	20	30	30	14	17	20	28	19	41	30	22	18	16	28	31	42	58	61	20	16	11	18	35	40	15	16	15	26	21	29	38	7	19	13	8	19	29	25	17	17	16	16	21	29	32	17	18	24	13	13	29	50	47	39	38	31	33	35	21	12	13	15	12	20	38	26	14	12	12	15	25	38	31	19	19	1	1	1	1	1	1	1	13	9	15	28	20
ANTA 安踏	SHC5922F006N03	1030196	0	0	0	0	0	0	0	0	0	0	0	0	0	0	0	1	1	1	1	1	1	1	1	1	1	1	1	1	1	1	3	3	3	3	3	5	3	3	3	3	3	3	4	4	4	4	4	4	4	7	5	5	5	5	5	5	5	5	5	5	5	1	1	1	2	2	2	1	1	1	1	3	1	1	1	1	1	2	1	1	1	1	2	1	1	0	2	1	1	1	2	1	1	0	1	1	1	1	1	1	1	1	1	1	1	1	1	1	1	1	0	1	1	1	1	2	1	2	2	2	2	2	1	1	1	2	1	1	2	1	1	1	1	1	1	1	2	6	1	1	1	1	3	1	1	1	1	2	1	2	1	1	2	1	1	1	1	1
Abun	SHC5922E001N02	1030199	0	0	0	0	0	0	0	0	0	0	0	0	0	0	0	0	0	0	0	0	4	0	1	1	1	1	1	1	1	1	3	1	2	2	1	1	3	1	1	1	1	1	1	1	1	1	1	1	1	1	1	1	1	1	1	1	1	1	1	1	1	1	1	1	1	1	2	1	1	3	1	1	1	1	1	1	1	1	1	1	1	1	1	1	1	1	1	1	1	1	1	1	1	1	1	1	1	1	1	4	1	1	1	1	1	1	1	1	1	2	1	1	1	1	1	2	1	2	1	1	1	1	1	1	1	1	1	1	1	1	1	1	1	1	1	1	1	1	1	1	1	1	1	1	1	1	1	1	1	1	1	1	1	1	1	1	1	1
Adidas	SHC5922D017N01	1026282	0	0	0	0	0	0	0	0	0	0	0	0	0	0	0	0	0	0	0	0	0	0	0	0	0	0	0	42	35	45	82	91	30	28	26	28	20	46	42	31	25	30	39	34	52	65	28	24	32	31	38	44	51	21	24	28	26	21	37	44	20	25	27	22	23	43	32	20	16	17	23	20	37	63	22	23	23	30	43	41	46	28	16	23	19	30	43	86	27	28	34	15	20	38	33	13	10	11	27	17	30	32	13	16	21	15	23	40	38	16	17	13	30	16	35	48	12	22	20	29	29	32	56	67	45	56	55	52	40	34	11	18	13	13	16	42	30	8	14	13	20	22	43	37	14	11	20	6	34	28	48	15	10	9	9	21	40	43
Adidas NEO	SHC5922F003N01	1026283	1	1	1	1	1	1	1	1	1	1	1	1	1	1	1	1	1	1	1	1	1	1	1	1	1	1	1	1	1	1	1	1	1	1	1	1	1	1	1	1	1	1	1	1	1	1	1	1	1	1	1	1	1	1	1	1	1	1	1	1	1	1	1	1	1	1	1	1	1	1	1	1	1	1	1	1	1	1	1	1	1	1	1	1	1	1	1	1	1	1	1	1	1	1	1	1	3	1	1	1	1	1	1	1	1	1	1	1	1	1	1	1	1	1	1	1	1	1	1	1	1	1	1	1	1	1	1	1	1	1	1	1	1	1	1	1	1	1	1	1	1	1	1	1	1	1	1	1	1	1	1	1	2	1	1	1	1	1
Adidas Original	SHC5921H005N02	1026284	1	1	1	1	1	1	1	1	0	0	0	0	0	0	0	0	0	0	0	0	0	0	0	0	0	0	0	0	0	0	0	0	0	0	0	0	0	0	0	0	0	0	0	0	0	0	0	0	0	0	0	0	0	0	0	0	0	0	0	0	0	0	0	0	0	0	0	0	0	0	0	0	0	0	0	0	0	0	0	0	0	0	0	0	0	0	0	0	0	0	0	0	0	0	0	0	0	0	0	0	0	0	0	0	0	0	0	0	0	0	0	0	0	0	0	0	0	0	0	0	0	0	0	0	0	0	0	0	0	0	0	0	0	0	0	0	0	0	0	0	0	0	0	0	0	0	0	0	0	0	0	0	0	0	0	0	0	0
Adidas Original 三叶草	SHC5921E020N02	1026284	0	0	0	0	0	0	0	0	0	0	0	0	0	0	0	0	0	0	0	0	0	0	0	0	0	0	25	13	15	18	39	32	11	8	15	16	8	19	26	15	12	11	6	20	18	25	12	10	11	15	13	25	21	14	11	14	8	11	13	25	12	8	10	12	11	23	31	13	13	17	15	21	24	34	15	15	14	11	19	36	35	9	15	19	13	27	34	32	33	10	13	5	12	22	24	11	5	16	7	13	27	33	9	6	5	12	14	33	20	12	7	7	10	18	39	20	8	19	14	14	12	30	44	41	56	45	31	31	31	13	6	8	12	13	10	20	18	10	7	8	11	13	19	16	10	7	14	12	14	20	21	6	10	9	2	37	56	51
AiJieWuYu 爱睫物语	SHC5923C014N01	1026285	1	0	1	1	0	1	1	1	0	1	1	1	0	1	0	1	1	1	1	1	1	0	1	1	1	1	1	1	1	1	1	1	1	1	1	1	1	1	0	3	1	1	1	1	1	1	1	1	1	1	1	1	1	1	0	1	0	1	1	6	1	2	1	1	1	0	1	0	1	0	1	2	1	1	1	0	1	1	1	1	1	0	1	0	1	1	1	1	1	1	1	1	1	0	1	1	1	1	1	1	0	1	0	0	1	2	1	1	1	1	0	1	1	1	1	1	1	1	0	1	1	1	1	0	1	1	1	1	1	1	0	1	1	1	1	1	1	1	0	0	1	0	1	1	1	1	0	0	1	1	1	1	2	0	2	1	1	1
Aji Ichiban 优的良品	SHC5923E022N01	1026286	1	1	1	1	1	1	1	1	1	1	1	1	1	1	1	1	1	1	1	1	1	1	1	1	1	1	1	1	1	1	1	1	1	1	1	1	1	1	1	1	1	4	1	1	1	1	1	1	1	1	1	1	1	1	1	1	1	1	1	1	1	1	1	1	1	1	1	1	1	1	1	1	1	1	1	1	1	1	1	1	1	1	1	1	1	1	2	1	1	1	1	1	3	1	1	1	1	1	1	1	1	1	1	1	1	1	2	2	2	1	1	1	1	1	1	1	1	1	1	1	1	1	1	1	1	1	1	1	1	1	1	1	1	1	1	1	1	1	1	1	1	1	1	2	1	1	1	1	1	1	2	1	2	1	1	1	1	1
Ajisen Ramen 味千拉面	SHC5922C014D01	1026288	1	1	1	1	1	1	1	1	1	1	1	1	1	1	1	1	1	1	1	1	1	1	1	1	1	1	1	1	1	1	1	1	1	1	1	1	1	1	1	1	3	3	4	4	4	4	4	4	4	4	4	4	4	4	4	4	4	4	4	4	4	1	1	1	1	1	1	1	1	1	1	1	1	1	1	1	1	1	1	1	1	1	1	1	1	1	1	1	1	1	1	1	1	1	1	1	1	1	1	1	1	1	1	1	1	1	1	1	1	1	1	1	1	1	1	1	1	1	1	1	1	1	230	241	237	175	238	197	170	143	59	61	71	53	82	176	188	64	85	64	69	104	169	163	57	73	68	75	97	165	182	87	69	67	53	94	188	201
Akasakatei 赤坂亭	SHC5923B001N01	1026289	1	1	1	1	13	1	1	1	1	1	1	1	1	1	21	1	1	1	1	1	1	1	1	1	1	20	1	22	1	1	3	48	3	3	21	3	3	3	3	3	3	3	4	4	46	56	28	4	4	4	4	4	4	4	4	4	28	4	4	4	4	1	1	1	1	1	1	1	1	1	1	1	1	1	1	1	1	1	1	1	1	1	1	1	1	1	1	1	1	1	1	1	1	1	1	1	1	1	1	1	1	1	1	1	1	1	1	1	1	1	1	1	1	1	1	1	1	1	1	1	26	24	23	41	1	1	39	30	25	21	13	22	11	19	1	23	29	14	10	15	20	28	22	18	12	20	22	11	18	1	31	13	13	16	16	0	35	38
Alati阿拉提	SHC5923D009N02	1040001	0	0	0	0	0	0	0	0	0	0	0	0	0	0	0	0	0	0	0	0	0	0	0	0	0	0	0	0	0	0	0	0	0	0	0	0	0	0	0	0	0	0	0	0	0	0	0	0	0	0	0	0	0	0	0	0	0	0	0	0	0	0	0	0	0	0	0	0	0	0	0	0	0	0	0	0	0	0	0	0	0	0	0	0	0	0	0	0	0	0	0	0	0	0	0	0	0	0	0	0	0	0	0	0	0	0	0	0	0	0	0	0	0	0	0	0	0	0	0	2	1	1	1	1	1	1	1	1	1	1	1	1	1	2	2	2	1	2	1	1	1	2	1	2	1	1	1	1	1	1	1	2	2	1	1	1	1	1
Alienware 外星人	SHC5923F005N01	1026290	0	0	0	0	0	0	0	0	0	1	2	0	0	0	0	0	2	1	0	0	0	1	0	0	0	0	0	2	0	0	0	0	2	0	0	0	0	1	1	0	0	1	0	0	0	0	0	0	0	0	0	0	0	0	0	0	0	0	1	0	0	1	0	0	0	0	0	0	0	0	0	0	0	1	0	1	0	0	1	0	1	0	0	0	0	0	0	0	0	2	0	0	1	0	1	0	0	0	0	0	0	0	0	0	1	0	0	1	0	0	0	0	0	0	0	0	0	1	0	1	0	1	0	0	0	0	0	3	0	1	0	0	0	0	0	0	0	0	0	0	0	0	1	0	0	0	0	0	0	0	0	0	0	0	0	0	0	0
Allusion	SHC5922D010N01	1026291	1	2	3	5	6	2	1	1	2	1	1	2	6	1	3	5	6	6	1	1	1	1	4	1	5	4	1	1	0	1	3	1	1	1	1	1	3	3	1	1	2	4	1	3	1	1	2	1	1	4	2	4	5	1	1	2	2	2	1	1	1	1	2	1	5	3	1	4	1	1	2	2	1	7	1	1	2	1	2	1	3	1	1	1	1	3	2	4	15	2	1	1	2	1	1	1	3	2	1	1	1	2	3	1	2	1	2	3	1	5	2	2	1	2	3	2	1	1	2	1	1	1	2	2	1	2	1	2	1	1	2	1	1	2	2	1	3	3	4	1	2	2	2	1	2	1	1	2	2	4	1	1	1	1	1	2	3	3
Amass 阿玛施	SHC5921E018N02	1026292	1	1	1	1	1	3	1	1	1	1	1	1	1	1	7	9	14	8	3	8	7	7	15	10	4	4	5	3	8	7	13	19	2	4	5	7	3	7	8	7	4	5	5	4	3	11	7	3	3	6	5	7	6	2	1	4	9	5	13	11	6	4	4	11	4	11	13	6	6	6	5	4	8	8	3	14	7	11	5	12	3	2	6	7	7	7	15	12	10	3	6	6	12	7	12	7	5	0	3	4	8	15	3	10	10	5	7	6	7	4	10	8	7	10	14	13	3	5	7	9	4	5	17	20	13	11	8	15	23	8	3	2	3	2	5	5	16	7	3	9	5	7	3	8	5	6	1	5	6	10	15	3	1	4	3	5	13	11
Anta Kids	SHC5922A017N02	1037236	0	0	0	0	0	0	0	0	0	0	0	0	0	0	0	0	0	0	0	0	0	0	0	0	0	0	0	0	2	1	1	2	7	1	4	1	1	1	1	1	1	1	1	1	1	1	1	1	1	1	1	1	1	1	1	1	1	1	1	1	1	1	1	1	1	1	1	1	1	1	1	1	1	1	1	1	1	1	1	1	1	1	1	1	1	1	1	1	1	2	1	1	1	1	1	1	1	1	1	1	1	1	1	1	1	1	1	1	1	1	1	1	1	1	1	1	1	1	1	1	1	1	1	1	1	1	1	1	1	1	1	1	1	1	1	1	1	1	1	1	1	1	1	1	1	1	1	1	1	1	1	1	1	1	1	1	1	1
AoPuRenJia 澳葡人家	SHC5923B007N01	1026293	62	22	60	74	31	30	22	27	38	57	84	22	20	31	31	33	72	77	23	22	23	38	29	75	102	22	36	37	43	46	123	124	32	30	49	32	36	109	123	40	40	36	45	42	95	141	39	40	41	45	58	99	142	45	35	40	58	58	107	124	36	45	34	34	41	82	103	34	43	35	25	42	96	106	36	35	46	39	49	86	99	42	36	44	40	49	86	114	106	44	31	27	32	69	86	18	22	18	21	37	78	97	27	35	40	19	35	79	100	25	26	28	29	30	84	93	18	18	18	22	36	44	135	113	109	100	91	86	70	60	35	26	35	33	45	84	88	36	32	29	23	49	75	82	37	31	29	31	38	76	77	31	34	22	21	34	77	83
Apple 苹果	SHC5921E019N02	1026294	1	2	1	2	2	1	1	1	1	1	1	1	1	2	2	1	1	1	1	1	1	1	1	1	2	1	1	1	1	1	1	8	3	3	3	3	1	3	4	3	1	1	4	1	4	1	1	1	1	4	1	1	1	1	1	4	1	5	1	5	5	1	1	1	1	1	2	1	1	1	1	1	1	1	1	1	2	1	2	1	2	1	2	2	1	1	1	1	2	2	1	1	2	1	2	1	2	2	1	1	1	1	1	1	1	1	1	2	1	1	1	1	1	1	1	1	1	1	1	1	1	1	1	1	1	1	1	2	1	1	1	1	1	1	1	1	1	1	1	1	1	1	1	1	1	1	1	1	1	1	2	1	1	1	1	1	1	1
Asdet Underwear 娅茜内衣	SHC5922D005N02	1026295	1	1	1	1	1	1	1	1	1	1	1	1	1	1	1	1	2	2	1	1	2	1	1	2	1	1	2	1	2	1	2	2	2	2	1	2	1	1	1	1	1	1	1	1	1	1	1	1	1	1	1	5	1	1	1	5	1	1	1	1	1	1	1	1	1	1	1	1	1	1	1	2	1	1	1	1	1	1	1	1	1	1	1	1	1	1	1	1	1	1	1	1	1	1	1	1	1	1	1	1	4	1	1	1	1	1	1	1	2	1	1	1	2	1	1	2	1	1	1	1	1	1	3	1	1	1	1	1	1	1	1	1	1	1	1	1	1	1	1	1	1	1	1	1	1	1	1	1	1	1	2	1	1	1	1	1	1	1
Asics	SHC5922F004N02	1030200	0	0	0	0	0	0	0	0	0	1	1	1	3	5	2	2	7	13	1	1	3	2	3	4	6	5	2	1	1	4	7	9	8	3	2	6	2	4	6	1	3	3	4	2	5	7	0	2	3	10	5	5	8	9	3	4	7	3	10	2	4	5	2	3	4	13	8	6	2	3	1	4	18	5	6	4	9	7	5	9	14	10	4	2	12	4	8	20	3	4	4	5	6	9	13	8	12	4	4	10	10	10	0	2	9	4	9	10	10	3	1	1	2	3	1	7	0	3	2	2	4	3	15	14	9	8	8	7	11	7	1	3	3	3	5	6	7	2	1	1	3	3	4	11	3	2	2	0	2	3	9	4	1	0	3	3	8	6
Attakai Kororo 恋暖初茶	SHC5923E017N01	1026296	118	70	138	190	71	85	80	61	72	127	238	62	66	54	75	109	165	163	74	83	55	64	104	194	190	70	89	79	95	123	264	284	78	77	67	95	111	198	232	82	83	86	113	102	199	250	111	90	101	107	120	184	239	88	106	105	62	4	4	4	4	106	100	99	119	193	230	83	78	95	107	135	187	225	92	94	88	105	130	204	266	107	76	111	99	144	206	251	219	114	106	82	104	183	208	76	61	70	59	96	183	232	62	74	55	48	92	185	229	62	67	62	79	88	199	188	51	61	53	66	65	126	255	275	327	228	305	262	203	145	42	65	60	65	94	190	234	65	69	71	71	101	174	148	58	69	69	56	97	206	208	74	59	67	66	88	229	204
Auchan 欧尚	SHC5921A001N01	1026297	1	1	1	1	1	1	1	1	1	1	1	1	1	1	1	1	1	1	1	1	1	1	1	1	1	1	1	1	1	1	3	3	3	3	3	3	3	3	3	3	3	3	4	4	4	4	4	4	4	4	4	4	4	4	4	4	4	4	4	4	4	1	1	1	1	1	1	1	1	1	1	1	1	1	1	1	1	1	1	1	1	1	1	1	1	1	1	1	1	1	1	1	1	1	1	1	1	1	1	1	1	1	1	1	1	1	1	1	1	1	1	1	1	1	1	1	1	1	1	1	1	1	2	2	2	2	2	2	2	2	2	2	2	2	2	2	2	2	2	2	2	2	2	2	2	2	2	2	2	2	2	2	2	0	0	0	0	0
BaBaJia 八八家	SHC5923E014A02	1026298	153	101	177	251	76	58	51	92	104	233	329	80	83	90	98	133	235	300	74	78	93	77	149	257	329	101	146	137	123	171	347	395	124	120	124	116	150	289	401	160	120	121	117	155	316	361	129	137	147	135	167	292	362	142	163	131	132	142	339	416	4	151	131	138	122	334	399	101	132	168	144	164	315	352	161	173	183	138	1	330	389	129	141	143	129	142	316	381	249	152	137	101	119	299	320	56	63	80	73	112	322	302	77	1	56	78	143	262	297	77	72	76	71	80	243	267	48	67	78	63	55	132	312	346	370	309	303	299	264	200	54	55	66	55	129	229	274	70	72	67	84	94	230	217	1	94	57	1	112	219	274	62	80	52	69	104	241	242
BaSe 八色烤肉	SHC5922C006N02	1026308	1	1	1	1	1	1	1	1	1	1	2	1	1	1	1	1	1	1	1	1	1	1	1	2	1	1	1	1	1	1	1	1	1	1	1	1	1	1	1	1	1	1	1	1	1	1	1	1	1	1	1	1	1	1	4	1	1	1	1	1	1	1	1	1	1	1	1	1	1	1	1	1	1	1	1	1	1	1	1	1	1	1	1	1	1	1	1	1	2	1	1	1	1	1	1	1	1	1	1	1	1	1	1	1	1	1	1	1	1	1	1	1	1	1	1	1	1	1	1	1	1	1	1	1	1	1	1	1	1	1	1	1	1	1	1	1	1	1	1	1	1	1	2	1	2	1	1	1	1	1	1	1	1	1	1	1	1	1
Baby Bear 贝贝熊	SHC5923B032N02	1026299	1	1	1	1	1	1	1	1	1	1	1	1	1	1	1	1	1	1	1	1	1	1	1	1	1	1	1	1	1	1	3	3	3	3	3	3	3	3	3	3	3	3	4	4	4	4	4	4	4	4	4	4	4	4	4	4	4	4	4	4	4	1	1	1	1	1	1	1	1	1	1	1	1	1	1	1	1	1	1	1	1	1	1	1	1	1	1	1	1	1	1	1	3	3	3	3	3	3	3	3	1	1	1	1	1	1	1	1	2	2	1	1	1	1	1	1	2	1	3	1	2	3	2	1	1	1	1	1	1	2	1	1	1	1	2	1	1	1	1	1	1	2	1	1	1	1	2	1	1	1	2	2	2	1	1	1	1	1
Baby Kitchen 宝贝厨房	SHC5923H001N02	1040008	0	0	0	0	0	0	0	0	0	0	0	0	0	0	0	0	0	0	0	0	0	0	0	0	0	0	0	0	0	0	0	0	0	0	0	0	0	0	0	0	0	0	0	0	0	0	0	0	0	0	0	0	0	0	0	0	0	0	0	0	0	0	0	0	0	0	0	0	0	0	0	0	0	0	0	0	0	0	0	0	0	0	0	0	0	0	0	0	0	0	0	0	0	0	0	0	0	0	0	0	0	0	0	0	0	0	2	1	1	2	1	1	2	1	1	1	1	3	2	1	3	1	1	1	1	2	1	1	1	1	1	1	1	1	1	1	1	1	1	1	3	1	1	1	1	1	1	1	1	1	1	1	1	1	1	1	1	1
BabyMax	SHC5923E006N01	1026300	1	1	3	1	1	1	1	1	1	3	1	1	1	1	2	1	1	2	1	2	1	1	1	2	1	1	1	1	1	2	1	1	3	1	1	1	1	1	1	1	1	1	1	1	1	1	1	1	5	1	1	5	1	1	5	1	1	1	5	1	1	3	1	1	1	1	3	1	1	1	1	1	2	1	1	1	1	1	2	1	1	1	1	1	1	1	2	1	3	1	1	1	1	1	2	1	1	1	1	2	1	2	1	2	2	2	2	2	2	2	1	2	2	1	2	2	1	1	2	2	2	2	3	2	1	1	2	1	2	1	2	1	1	1	1	1	1	1	1	1	1	1	1	1	1	1	1	1	1	1	1	1	3	1	1	1	1	1
BaiWuXi 百武西	SHC5922D012N01	1026301	1	1	1	1	1	1	1	1	1	1	1	1	1	1	1	1	1	1	1	1	1	1	1	1	1	1	1	1	1	1	1	1	1	1	1	1	1	1	1	1	3	3	4	4	4	4	4	4	4	4	4	4	4	4	4	4	4	4	4	4	4	1	1	1	1	1	1	1	1	1	1	1	1	1	1	1	1	1	1	1	1	1	1	1	1	1	1	1	1	1	1	1	1	1	1	1	1	1	1	1	1	1	1	1	1	1	1	1	1	1	1	1	1	1	1	33	1	1	1	1	1	1	14	18	21	15	11	10	15	13	6	7	4	5	8	9	14	6	18	21	15	11	21	22	10	15	8	9	10	13	14	8	8	13	20	16	24	14
Balabala 巴拉巴拉	SHC5923B028N01	1026302	1	1	1	1	1	1	1	1	1	1	1	1	1	1	1	1	1	1	1	1	1	1	1	1	1	1	1	1	1	1	1	1	1	1	1	1	4	1	1	1	1	1	1	1	1	1	4	1	1	1	1	1	1	1	1	1	1	1	1	1	1	1	1	1	1	1	1	1	1	1	1	1	1	1	1	1	1	1	1	1	1	1	1	1	1	1	1	1	1	1	1	1	1	1	1	1	1	1	1	1	1	1	1	1	1	1	1	1	1	1	1	1	1	1	1	1	1	1	1	1	1	1	1	1	1	1	1	1	1	1	1	1	1	1	1	1	1	1	1	1	1	1	1	1	1	1	1	1	1	1	1	1	1	1	1	0	1	1
Banana Umbrella 蕉下	SHC5922E005A02	1026303	1	1	1	1	3	1	4	1	3	1	1	1	1	1	1	1	1	1	1	1	1	1	1	1	1	1	1	1	1	1	4	1	1	1	1	1	1	1	1	1	1	1	1	1	1	1	1	5	1	1	1	1	1	1	1	1	1	1	1	1	1	1	1	1	1	1	1	1	1	1	1	1	1	1	2	1	2	1	2	1	1	2	1	1	1	1	1	1	1	1	1	1	1	1	1	1	1	1	1	1	1	1	1	1	1	1	1	1	1	1	1	1	1	1	1	1	1	1	1	2	1	1	1	1	1	1	1	1	1	1	1	1	1	1	1	1	1	1	1	1	1	1	1	1	1	2	1	1	1	1	1	1	1	1	1	1	1	1
Bandgewoo 阪织屋	SHC5922B007N01	1045837	2	1	3	5	1	1	2	1	3	3	5	1	1	2	2	1	3	3	2	3	2	2	2	4	2	6	9	1	2	4	10	7	3	2	5	3	5	2	3	1	2	2	4	3	1	7	2	3	5	1	4	5	2	1	3	6	1	3	3	4	2	1	1	1	5	4	4	6	2	3	2	5	6	4	2	2	3	1	0	0	0	0	0	0	0	0	0	0	0	0	0	0	0	0	0	0	0	0	0	0	0	0	0	0	0	0	0	0	0	0	0	0	0	0	0	0	0	0	0	0	0	0	0	0	0	0	0	0	0	0	0	0	0	0	0	0	0	0	0	0	0	0	0	0	0	0	0	0	0	0	0	0	0	0	0	0	0	0
BaoBaoShui 宝宝睡	SHC5923B029N02	1037235	0	0	0	0	0	0	0	0	0	0	0	0	0	0	0	0	0	0	0	0	0	0	0	0	0	0	0	0	0	0	0	0	0	0	0	0	0	0	0	0	0	0	0	0	0	0	0	0	0	0	16	1	2	13	3	2	1	3	3	2	4	0	3	4	8	4	6	0	2	1	8	1	3	6	5	2	7	3	3	1	3	4	4	1	5	4	2	5	3	7	7	3	2	6	5	1	4	1	0	1	2	0	5	2	1	1	0	0	6	1	3	1	2	1	4	9	2	0	1	2	1	1	6	6	6	2	7	5	4	4	3	2	1	4	1	1	1	2	1	5	0	1	3	2	1	1	5	0	1	1	1	1	1	2	2	4	7	5
BaoChuanXue 抱川雪	SHC5923D013N01	1026306	1	1	1	1	1	1	1	1	1	1	1	1	1	1	1	1	1	1	1	1	1	1	1	1	1	1	1	1	1	1	1	1	1	1	1	1	1	1	1	1	1	1	1	1	1	1	1	1	1	1	1	1	1	1	4	1	1	1	1	1	1	1	1	1	1	1	1	1	1	1	1	1	1	1	1	1	1	1	1	1	1	1	1	1	1	1	1	1	1	1	1	2	1	1	1	1	1	1	1	1	1	1	1	1	1	1	1	1	1	1	1	3	1	1	2	1	1	1	1	1	1	1	1	1	1	1	1	1	1	1	1	1	1	1	1	3	1	1	1	1	1	1	1	1	1	1	1	1	1	1	1	1	1	0	0	0	0	0
BaoJiuZhen 堡酒珍酒窖	SHC5920F001N01	1026307	1	1	1	1	1	2	1	1	1	1	1	1	1	1	1	1	1	1	1	1	1	1	2	1	1	1	1	1	1	1	1	3	4	3	1	3	3	1	3	3	3	3	4	4	4	4	4	4	1	4	1	4	4	1	4	4	5	4	1	1	4	1	1	1	1	1	1	1	1	2	1	1	1	1	1	2	1	1	1	1	1	1	1	1	1	1	1	1	1	1	1	1	1	1	1	1	1	1	1	1	1	1	1	0	1	1	1	1	1	1	1	1	1	1	1	1	1	1	1	1	1	2	1	1	1	1	1	1	1	1	1	1	1	1	1	1	1	1	1	1	1	0	1	1	1	1	1	0	2	1	1	1	1	2	1	1	0	1
Beau Kids 宝儿婴童理发	SHC5921C010N01	#N/A	1	1	1	1	1	1	1	1	1	1	1	1	1	1	1	1	1	1	1	1	1	1	1	1	1	1	1	1	1	1	1	1	1	1	1	1	1	1	1	1	3	3	4	4	4	4	4	4	4	4	4	4	4	4	4	4	4	4	4	4	4	1	1	1	1	1	1	0	0	0	0	0	0	0	0	0	0	0	0	0	0	0	0	0	0	0	0	0	0	0	0	0	0	0	0	0	0	0	0	0	0	0	0	0	0	0	0	0	0	0	0	0	0	0	0	0	0	0	0	0	0	0	0	0	0	0	0	0	0	0	0	0	0	0	0	0	0	0	0	0	0	0	0	0	0	0	0	0	0	0	0	0	0	0	0	0	0	0
Bebe Dream	SHC5923E004A01	1026310	35	17	26	23	15	16	7	13	7	22	35	10	14	12	13	7	20	24	13	15	7	8	5	17	28	9	14	15	9	11	26	63	17	11	14	12	16	26	32	11	26	13	9	16	22	19	7	9	12	6	11	16	26	12	14	13	11	16	29	24	9	9	14	11	15	20	34	14	18	8	19	20	22	27	15	12	21	17	17	24	34	12	11	12	17	13	26	22	17	8	19	11	18	38	28	23	11	14	18	17	12	46	7	8	11	17	11	36	29	8	16	19	7	10	31	45	8	19	18	26	17	32	35	33	36	38	60	56	46	19	13	1	1	1	1	1	1	8	15	13	11	24	30	42	21	10	13	9	14	14	35	10	16	14	13	11	28	25
Bee Safety 比翼	SHC5923H015N02	1026311	1	1	1	1	0	1	1	0	1	1	1	1	1	1	0	1	1	1	0	1	0	1	0	1	0	0	0	1	0	0	1	1	0	1	0	0	0	1	0	0	1	1	1	1	1	1	0	1	1	0	1	1	1	1	1	0	1	1	0	1	0	0	1	0	1	1	1	0	1	1	1	1	1	0	1	0	1	1	1	1	1	1	0	0	0	0	1	1	0	1	1	0	0	1	1	1	0	0	1	0	1	1	0	1	0	1	0	1	1	0	0	1	1	1	1	1	0	0	1	1	1	1	0	1	1	1	1	1	1	1	0	0	1	0	0	1	0	0	0	1	0	1	1	1	0	0	0	1	0	1	1	1	0	0	0	1	1	1
BeeChengHiang 美珍香	SHC5922E033N01	1026312	1	1	1	1	1	1	1	1	1	1	1	1	1	1	1	1	1	1	1	1	1	1	1	1	1	1	1	1	1	1	1	1	1	1	1	1	1	1	1	1	1	1	1	1	1	1	1	1	1	1	1	1	1	1	1	1	1	1	1	1	1	1	1	1	1	1	1	1	1	1	1	1	1	1	1	1	1	1	1	1	1	1	1	1	1	1	1	1	1	1	1	1	1	1	1	1	1	1	1	1	1	1	1	1	1	1	1	1	1	1	1	1	1	1	1	1	1	1	1	1	1	1	1	1	1	1	1	1	1	1	1	1	1	1	1	1	1	1	1	1	1	1	1	1	1	1	1	1	1	1	1	1	1	1	1	1	1	1
Beef Bar	SHC5923E001N02	1026313	100	49	108	127	38	35	45	51	53	133	208	37	54	38	37	69	140	135	37	35	42	36	85	148	178	36	73	60	67	68	176	183	53	50	34	61	71	166	214	83	56	48	70	77	160	193	61	59	53	65	64	184	221	51	48	46	48	70	167	182	50	61	64	46	58	151	185	64	38	50	45	61	120	163	40	50	55	40	54	121	169	43	33	37	52	46	95	174	140	38	58	69	39	82	160	24	24	22	18	52	118	125	27	29	35	22	41	111	144	25	34	28	20	33	89	126	19	24	20	25	16	53	111	169	127	123	138	93	98	84	12	21	21	27	46	98	103	29	13	23	23	28	61	96	18	29	31	18	33	64	143	20	29	25	20	43	88	76
Belencre 字里行间	SHC5922D008N01	1026314	1	1	1	1	1	1	1	1	1	1	1	1	1	1	1	1	1	1	1	1	1	1	1	1	1	1	1	1	1	1	1	1	1	1	1	1	1	1	1	2	4	1	1	1	1	1	1	1	1	1	1	1	1	1	1	1	1	1	1	1	1	1	2	1	1	2	1	2	2	1	1	1	1	2	2	1	1	1	1	1	1	1	1	1	1	1	1	1	1	1	1	1	1	1	1	1	1	1	1	1	1	1	1	1	1	1	1	1	1	1	1	1	1	1	2	1	2	1	1	1	1	1	1	1	1	1	1	1	1	1	1	1	1	1	1	1	1	1	1	1	1	2	2	2	1	1	1	1	1	1	1	1	1	1	1	1	1	1
Belle Group 百丽	SHC5921E028N01	1026315	47	31	62	67	30	18	19	22	35	48	57	22	28	29	31	39	46	62	23	41	40	32	21	57	57	31	29	39	29	48	75	83	24	28	20	31	27	49	52	29	30	26	28	33	50	57	30	27	23	21	37	64	64	31	36	26	36	26	55	57	24	23	18	32	40	58	51	22	26	27	30	31	51	57	25	31	26	28	36	44	51	22	27	35	42	33	59	59	44	20	30	31	28	40	59	19	20	30	32	37	54	56	20	19	20	25	28	40	48	20	31	17	20	29	56	71	19	30	32	25	21	45	80	95	98	53	48	45	46	33	17	29	18	17	30	44	47	24	31	24	22	27	49	35	21	15	24	20	27	33	35	13	22	18	18	17	47	46
BelleGroup 百丽	SHC5921E028N02	1026315	2	2	2	2	2	2	2	1	1	1	1	1	3	3	3	3	3	3	3	3	3	3	3	3	3	3	3	3	3	3	1	1	1	1	1	1	1	1	1	1	3	3	4	4	4	4	4	4	4	4	4	4	4	4	4	4	4	4	4	4	4	1	1	1	1	1	1	1	1	1	1	1	1	1	1	1	1	1	1	1	1	1	1	1	1	1	1	1	1	1	1	1	1	1	1	1	1	1	1	1	1	1	1	1	1	1	1	1	1	1	1	1	1	1	1	1	1	1	1	1	1	1	1	1	1	1	1	1	1	1	1	1	1	1	1	1	1	1	1	1	1	1	1	1	1	1	1	1	1	1	1	1	1	0	0	0	0	0
Bestseller	SHC5921B006N01	1026316	1	1	1	1	1	1	1	1	1	1	1	1	1	1	1	1	1	1	1	1	1	1	1	1	1	1	1	1	1	1	3	3	3	3	3	3	3	3	3	3	3	3	4	4	4	4	4	4	4	4	4	4	4	4	4	4	4	4	4	4	4	1	1	1	1	1	1	1	1	1	1	1	1	1	1	1	1	1	1	1	1	1	1	1	1	1	1	1	1	1	1	1	75	135	153	56	54	42	58	81	135	126	46	59	58	61	71	138	166	53	68	76	86	77	133	145	47	59	56	77	63	94	229	191	189	169	174	133	140	103	46	44	44	75	55	178	177	56	65	81	73	93	122	116	79	59	45	51	58	88	122	46	51	71	49	62	122	111
BiFengTang 避风塘	SHC5923B011A01	1026317	1	1	1	1	1	1	1	1	1	1	1	1	1	1	1	1	1	1	1	1	1	1	1	1	1	1	1	1	1	1	3	3	3	3	3	3	3	3	3	3	3	3	4	4	4	4	4	4	4	4	4	4	4	4	4	4	4	4	4	4	4	1	1	1	1	1	1	1	1	1	1	1	1	1	1	1	1	1	1	314	317	145	182	1	1	1	1	337	1	1	1	1	1	1	294	1	107	87	124	165	280	294	99	113	109	103	151	300	275	120	126	108	114	143	260	275	81	111	106	111	111	190	307	328	333	288	295	285	273	258	103	83	122	110	133	277	270	115	122	127	111	174	255	255	81	113	127	126	192	266	269	110	102	110	113	135	242	237
BingBingTangTang 冰冰糖糖	SHC5923F017N01	1026318	1	1	1	1	1	1	1	1	1	1	3	1	6	1	31	31	44	32	49	11	21	25	18	15	31	6	21	22	6	12	27	27	8	2	1	1	6	11	4	1	4	2	1	1	1	1	1	1	1	1	1	1	1	1	1	1	1	1	1	1	5	1	1	1	1	1	1	1	7	9	4	2	1	1	1	1	9	1	1	1	1	1	1	1	1	1	1	1	2	1	1	6	3	2	1	1	1	1	1	1	1	1	1	1	1	1	1	1	1	1	2	1	1	9	1	6	1	1	1	1	1	1	1	2	2	1	4	1	1	1	2	2	2	1	1	1	1	1	1	6	1	4	1	1	1	1	1	1	1	1	1	1	1	1	1	1	1	3
Black Puma	SHC5921H005N03	1026484	0	0	0	0	0	0	0	0	0	0	0	0	0	0	0	0	0	0	0	0	0	0	0	0	0	0	0	0	0	0	0	0	0	0	0	0	0	0	0	0	0	0	0	0	4	4	4	4	4	4	4	4	4	4	4	4	7	8	6	5	9	7	8	9	7	11	19	7	8	6	7	11	23	23	11	13	9	10	9	15	21	9	9	21	13	12	13	17	15	19	17	11	9	19	21	8	8	5	10	11	17	19	12	8	6	9	4	23	12	9	6	9	7	9	15	13	4	8	10	2	4	17	31	43	37	39	40	27	17	19	3	8	9	6	12	16	26	5	14	11	7	14	19	18	5	12	6	4	4	9	9	5	6	6	5	18	28	22
Bobdog 巴布豆	SHC5922A010N02	1026319	1	1	1	1	1	1	1	1	2	1	1	1	1	1	1	1	1	1	1	1	1	1	1	1	2	1	1	1	1	1	1	3	1	1	1	1	1	1	1	1	1	1	1	5	1	1	1	1	1	1	1	1	5	4	1	1	1	1	1	1	1	1	1	1	1	1	1	1	1	1	1	1	1	1	1	1	1	1	1	1	1	1	1	1	1	1	1	1	1	2	1	1	1	1	1	1	2	1	1	1	1	1	1	1	1	1	1	1	1	1	1	1	1	1	1	1	1	1	1	1	1	1	1	1	1	1	1	1	1	1	1	1	1	1	1	1	1	1	1	1	1	1	1	1	1	1	1	1	1	1	1	1	1	1	1	0	1	1
Boy London	SHC5921H007N02	1026320	1	1	1	2	1	1	1	1	1	1	1	1	1	1	1	1	1	1	1	1	1	1	2	1	1	1	1	1	1	1	1	1	1	0	1	1	1	1	1	1	3	3	4	1	4	4	1	4	1	1	4	1	1	1	1	1	4	1	1	1	1	1	1	2	1	2	1	1	1	1	1	1	1	1	1	1	1	1	1	1	1	1	1	1	1	1	1	1	1	1	1	1	1	1	1	1	1	1	1	1	1	1	1	1	1	1	1	1	1	1	1	1	1	1	1	1	1	1	1	1	1	1	1	1	1	3	1	1	1	1	1	1	1	1	1	1	1	1	1	1	1	1	1	1	1	1	1	1	1	1	1	1	1	1	1	1	1	1
Bread Talk 面包新语	SHC5921D003N01	1026321	2	2	2	2	2	2	2	2	2	2	2	2	2	2	2	2	2	2	2	2	2	2	2	2	2	2	2	2	2	2	2	2	2	2	2	2	2	2	3	2	4	4	5	5	5	5	5	5	5	5	5	5	5	5	5	5	5	5	5	5	5	2	2	2	2	2	2	2	2	2	2	2	2	2	2	2	2	2	2	2	2	2	2	2	2	2	2	2	2	2	2	2	2	2	2	2	2	2	2	2	2	2	2	2	2	2	2	2	2	1	1	1	1	1	1	1	1	1	1	1	2	2	461	476	441	401	379	385	368	321	109	154	186	174	233	401	527	174	183	193	146	232	391	390	165	182	188	177	241	349	462	201	226	180	146	239	440	489
Brookstone 博克斯通	SHC5921B016N03	#N/A	0	0	0	0	0	0	0	0	0	0	0	0	0	0	0	0	0	0	0	0	0	0	0	0	0	0	0	0	0	0	0	0	0	0	0	0	0	0	0	0	0	0	0	0	0	0	0	0	0	0	0	0	0	0	0	0	0	0	0	0	0	0	0	0	0	0	0	0	0	0	0	0	0	0	0	0	0	0	0	0	0	0	0	0	0	0	0	0	0	0	0	0	0	0	0	0	0	0	0	0	0	0	0	0	0	0	0	0	0	0	0	0	0	0	0	0	0	0	0	0	0	0	0	0	0	0	0	0	0	0	0	0	0	0	0	0	0	0	0	0	0	0	0	0	0	0	0	0	4	4	4	4	4	0	0	0	0	0
BuXuan 不宣	SHC5922E017N02	1037234	0	0	0	0	0	0	0	0	0	0	0	0	0	0	0	0	0	0	0	0	2	0	1	1	1	1	1	1	1	1	1	1	1	1	1	1	1	1	1	1	3	3	4	4	4	4	4	4	4	4	4	4	4	4	4	4	4	4	4	4	4	1	1	1	1	1	1	1	1	1	1	1	1	1	1	1	1	1	1	1	1	1	1	1	1	1	1	1	1	1	1	1	1	2	4	1	1	1	1	1	1	3	1	1	3	1	1	1	1	1	1	1	1	1	1	1	1	1	1	1	1	1	1	1	1	1	1	1	1	1	1	1	1	1	1	1	1	1	1	1	1	1	1	1	1	1	1	1	1	2	1	1	1	1	1	1	1	1
Burger King 汉堡王	SHC5922F001N01	1026323	1	1	1	1	1	1	1	1	1	1	1	1	1	1	1	1	1	1	1	1	1	1	1	1	1	1	1	1	1	1	3	3	3	3	3	3	3	3	3	3	3	3	4	4	4	4	4	4	4	4	4	4	4	4	4	4	4	4	4	4	4	1	1	1	1	1	1	1	1	1	1	1	1	1	1	1	1	1	1	1	1	1	1	1	1	1	1	1	1	1	1	1	1	1	1	1	1	1	1	1	1	1	1	1	1	1	1	1	1	1	1	1	1	1	1	1	1	1	1	1	1	1	1	1	1	1	1	1	1	1	1	1	1	1	1	1	1	1	1	1	1	1	1	1	1	1	1	1	1	1	1	1	1	0	0	0	0	0
C.P.U	SHC5921B010N01	1026324	11	13	24	17	5	2	9	13	3	14	17	9	10	11	3	1	5	9	2	7	1	44	7	8	16	23	3	8	9	5	38	31	13	5	46	11	22	15	16	8	6	9	5	15	11	14	4	8	6	13	12	13	14	11	11	8	11	8	13	8	2	4	6	5	6	5	15	2	8	3	7	2	7	20	4	3	7	9	4	5	8	4	1	5	7	2	14	15	7	8	2	2	4	4	3	2	2	2	3	6	15	8	1	1	1	2	5	8	7	4	6	8	3	8	9	7	3	6	4	3	1	3	21	18	10	9	8	8	13	10	4	2	6	3	8	16	16	7	8	6	5	4	7	12	0	2	3	7	8	9	9	1	4	5	3	4	15	10
CELE 策乐	SHC5922F013N01	1026333	16	6	22	16	6	5	11	10	6	7	24	1	5	9	8	6	11	33	5	15	8	7	7	22	17	11	11	8	9	6	29	33	6	8	10	8	5	15	25	8	14	9	10	6	14	19	10	7	1	14	21	16	17	5	9	6	8	10	14	23	5	9	12	5	17	22	15	11	9	11	7	11	11	20	10	1	8	5	15	14	16	10	11	9	13	7	14	21	18	11	8	6	11	13	19	5	13	8	9	6	14	15	9	4	9	9	7	22	22	14	13	7	13	8	21	24	5	7	1	15	15	17	33	34	21	20	23	10	17	13	8	2	5	6	15	18	22	7	7	9	8	14	14	12	12	6	8	11	12	12	26	11	5	6	6	7	17	14
CHJ 潮宏基	SHC5921B021N03	1045595	0	0	0	0	0	0	0	0	0	0	0	0	0	0	0	0	0	0	0	0	0	0	0	0	0	0	0	0	0	0	0	0	0	0	0	0	0	0	0	0	0	0	0	0	0	0	0	0	0	0	0	0	0	0	0	0	0	0	0	0	0	0	0	0	0	0	0	0	0	0	0	0	0	0	0	0	0	0	0	0	0	0	0	0	0	0	0	0	0	0	0	0	0	0	0	0	0	0	0	0	0	0	0	12	8	12	12	23	18	10	6	5	6	8	13	22	3	2	4	6	28	6	20	38	38	16	20	21	11	7	13	8	9	4	8	9	14	3	8	16	6	6	9	11	8	2	2	5	18	11	15	3	4	15	9	8	16	17
CICI CICI纤美	SHC5923C011N01	1026338	1	1	1	0	1	0	1	0	1	0	1	0	1	0	0	0	0	0	0	1	1	1	0	0	1	0	1	2	1	0	0	1	0	1	1	1	0	1	0	1	0	1	0	0	0	1	0	0	1	1	1	0	0	1	1	1	1	0	1	1	1	0	0	0	0	1	0	1	0	0	1	0	1	1	0	0	0	1	1	1	0	0	1	0	1	1	1	1	0	2	0	0	0	0	0	1	1	0	1	1	0	0	0	0	1	0	0	1	1	0	0	0	1	0	1	0	1	0	1	1	1	0	0	0	0	0	0	1	0	1	0	0	0	1	1	1	0	1	0	0	1	0	1	0	0	1	0	1	0	2	2	1	0	0	0	0	0	0
CK Jeans	SHC5921D011N01	1026341	8	4	8	13	9	6	3	2	4	11	5	8	8	2	5	4	11	22	3	8	5	3	4	13	5	9	7	5	6	5	14	14	11	3	6	6	11	14	10	6	8	4	8	12	15	20	13	10	9	4	13	14	10	12	9	10	13	7	9	11	6	10	8	13	8	16	10	7	3	8	7	7	6	7	2	8	10	6	2	13	8	7	14	5	5	3	10	9	18	5	4	6	2	6	9	6	2	2	4	4	6	11	3	6	4	9	5	6	3	7	3	3	6	5	15	8	4	7	10	10	10	5	10	4	10	8	5	8	6	11	4	6	11	7	3	10	9	10	6	4	8	5	5	4	2	3	2	4	3	5	3	3	4	6	5	4	7	8
CK Underwear	#N/A	#N/A	3	3	8	4	1	3	2	1	3	5	1	3	2	1	3	1	6	4	1	7	7	2	3	5	7	4	2	0	0	0	0	0	0	0	0	0	0	0	0	0	0	0	0	0	0	0	0	0	0	0	0	0	0	0	0	0	0	0	0	0	0	0	0	0	0	0	0	0	0	0	0	0	0	0	0	0	0	0	0	0	0	0	0	0	0	0	0	0	0	0	0	0	0	0	0	0	0	0	0	0	0	0	0	0	0	0	0	0	0	0	0	0	0	0	0	0	0	0	0	0	0	0	0	0	0	0	0	0	0	0	0	0	0	0	0	0	0	0	0	0	0	0	0	0	0	0	0	0	0	0	0	0	0	0	0	0	0	0
CK Watch	SHC5921D009N01	1026343	1	1	1	1	1	1	1	1	1	1	1	1	1	1	1	1	1	1	1	1	1	1	1	1	1	1	1	1	1	1	1	1	1	1	1	1	1	1	1	1	1	1	1	1	1	1	1	5	1	1	1	1	1	1	1	1	1	1	1	1	1	1	1	1	1	1	1	1	1	1	1	0	1	1	1	1	1	1	1	1	1	1	1	1	1	1	1	1	1	1	1	1	1	1	1	1	1	1	1	1	1	1	1	1	1	1	1	1	1	1	1	1	1	1	1	1	1	1	1	1	1	1	1	1	1	1	1	1	1	2	1	1	1	1	1	1	1	1	1	1	0	1	1	1	1	1	1	1	1	1	1	1	1	1	1	1	1	1
COMF-PRO 康朴乐	SHC5921C003N03	1026347	0	0	0	0	0	0	0	0	2	0	0	0	0	0	1	0	0	0	0	0	1	0	0	0	0	0	0	0	0	1	5	2	0	0	0	0	0	0	0	0	0	0	0	0	0	0	0	0	0	0	0	1	0	0	0	0	0	0	0	0	0	0	0	0	0	0	0	0	0	0	1	0	1	1	0	0	0	2	0	0	2	0	0	0	1	1	3	0	0	0	1	0	5	0	0	0	1	1	0	0	0	0	0	0	1	1	2	1	0	0	0	0	1	0	0	1	0	0	0	1	0	3	0	0	0	0	0	0	1	0	0	0	0	0	0	0	0	0	1	1	0	1	0	0	0	0	0	0	0	1	0	0	0	0	1	0	0	0
Cache Cache	SHC5922E005N01	1026325	1	1	1	1	1	1	1	1	1	1	1	1	1	7	3	1	1	1	1	1	1	1	1	1	1	1	1	1	1	1	1	1	1	1	1	1	2	1	1	1	1	1	1	1	5	1	1	1	1	1	1	1	1	1	1	1	5	1	1	1	1	1	1	1	1	1	1	1	1	1	1	1	1	1	3	1	1	1	1	1	1	1	1	1	1	1	1	1	1	1	1	1	1	1	1	1	1	1	1	1	1	1	1	1	1	1	1	1	1	1	1	1	1	1	1	1	1	1	1	1	1	1	1	1	1	1	1	1	1	1	1	1	1	1	1	1	1	1	1	1	1	1	1	1	1	1	1	1	1	1	1	1	1	1	1	1	1	1
CaiHongTang 彩虹堂	SHC5921C003B01	#N/A	1	0	1	1	0	0	1	1	0	1	1	1	1	1	1	2	1	1	0	0	1	0	2	1	1	1	1	1	1	1	1	1	1	1	1	1	1	1	1	1	1	1	1	1	1	1	1	1	1	1	1	5	1	1	1	1	1	1	1	4	4	1	1	1	1	1	1	1	1	1	1	1	1	1	1	1	1	1	1	1	1	0	0	0	0	0	0	0	0	0	0	0	0	0	0	0	0	0	0	0	0	0	0	0	0	0	0	0	0	0	0	0	0	0	0	0	0	0	0	0	0	0	0	0	0	0	0	0	0	0	0	0	0	0	0	0	0	0	0	0	0	0	0	0	0	0	0	0	0	0	0	0	0	0	0	0	0	0
Candy Master 糖果大师	SHC5923H001N01	#N/A	45	10	15	23	9	10	9	9	9	21	36	5	13	6	8	10	28	23	19	11	11	10	11	35	40	15	18	14	30	8	31	42	16	18	22	15	24	30	47	21	20	10	0	0	0	0	0	0	0	0	0	0	0	0	0	0	0	0	0	0	0	0	0	0	0	0	0	0	0	0	0	0	0	0	0	0	0	0	0	0	0	0	0	0	0	0	0	0	0	0	0	0	0	0	0	0	0	0	0	0	0	0	0	0	0	0	0	0	0	0	0	0	0	0	0	0	0	0	0	0	0	0	0	0	0	0	0	0	0	0	0	0	0	0	0	0	0	0	0	0	0	0	0	0	0	0	0	0	0	0	0	0	0	0	0	0	0	0
Carrera 卡雷拉	SHC5923B026N02	1026328	2	1	1	1	1	1	1	1	1	1	1	1	1	1	1	2	1	1	1	1	1	1	1	1	1	1	2	1	1	1	1	1	5	1	1	1	1	1	1	1	1	1	1	1	4	1	5	1	1	1	1	1	1	1	1	1	1	1	1	1	1	1	1	1	1	1	1	1	1	1	1	1	1	1	1	1	1	1	1	1	1	1	1	1	1	1	1	1	1	1	1	1	1	1	2	1	1	1	1	1	1	1	1	1	1	1	1	1	1	1	1	1	1	1	1	1	1	1	1	1	1	1	1	1	1	1	1	1	1	1	1	1	1	1	1	1	1	1	1	1	1	1	1	1	1	1	1	1	1	1	1	1	1	1	1	1	1	1
Carsone 美车堂	SHC5920B003N01	1026329	21	14	23	17	0	10	10	9	11	2	19	5	4	15	16	16	22	16	0	10	3	2	3	16	17	18	13	12	20	8	8	14	11	15	16	17	22	21	19	5	23	27	24	25	34	32	20	27	22	31	32	29	24	19	24	18	23	28	28	17	15	14	11	23	20	15	28	12	3	2	13	14	7	13	6	11	4	14	17	19	15	11	10	21	20	8	14	15	14	2	10	6	16	21	12	9	12	5	11	18	7	19	0	25	18	17	16	19	23	18	11	1	8	15	14	4	2	12	3	15	18	6	6	3	6	6	9	16	10	17	7	6	1	2	1	8	5	0	6	11	20	13	24	16	10	17	14	14	16	21	17	14	21	16	10	11	17	21
Carter’s 凯得史	SHC5921H015N02	1026330	32	10	28	31	16	10	8	9	14	29	32	14	10	9	10	13	28	15	16	5	17	11	13	38	22	21	19	18	21	17	58	81	17	37	28	24	20	50	59	18	15	20	24	18	33	28	19	16	19	11	24	29	31	16	17	7	21	9	29	22	23	11	13	15	17	30	28	15	13	10	15	13	32	43	15	12	20	19	18	35	36	12	23	11	16	22	48	36	27	24	36	23	24	50	51	17	13	21	19	19	25	33	15	11	14	18	23	37	49	12	16	13	17	18	39	28	15	17	12	15	15	20	39	49	33	26	40	35	25	18	9	12	5	21	15	28	26	12	18	16	14	22	21	17	8	8	8	13	13	14	20	6	8	9	15	8	44	32
Cartoony 卡通尼乐园	SHC5921C005N01	1026331	759	94	320	398	69	55	62	65	78	275	458	74	59	70	64	97	335	368	81	144	89	109	131	364	423	92	255	271	258	329	669	1,012	266	309	269	287	253	508	650	262	272	267	238	280	536	726	276	248	248	226	256	533	591	234	243	230	257	249	523	664	301	300	286	208	285	502	584	238	193	234	232	261	493	554	212	248	220	211	273	450	541	333	234	271	228	257	385	530	384	236	196	143	60	407	405	44	29	45	51	80	358	448	54	45	44	61	74	360	382	52	74	50	44	79	370	363	36	44	47	242	42	97	745	988	683	648	632	520	448	437	68	32	76	42	70	395	358	34	36	55	40	72	293	312	34	51	38	30	98	364	458	56	251	73	49	110	430	447
Cassile	SHC5921E024B02	1026332	8	6	11	7	4	2	4	7	16	8	24	4	6	8	8	7	15	10	3	6	6	6	13	1	10	6	1	8	10	22	23	26	10	3	7	5	13	6	5	12	4	13	8	19	14	17	11	11	9	15	14	17	18	5	4	4	10	14	20	9	5	5	4	7	11	15	19	4	13	12	7	9	13	25	18	10	13	11	7	10	8	4	9	13	6	5	16	14	19	5	8	8	10	19	22	11	6	3	6	16	13	17	3	2	4	6	10	18	11	6	5	11	5	6	22	16	2	5	7	6	6	11	22	27	19	20	10	13	17	7	7	2	3	10	9	11	11	9	5	7	10	12	11	15	2	4	7	9	10	5	15	6	6	5	11	8	15	10
Chamate 一茶一坐	SHC5922C007N02	1026334	63	20	57	55	9	21	13	18	25	38	73	13	15	15	19	30	37	65	10	23	13	11	23	55	64	18	20	21	25	45	86	96	29	25	22	25	33	75	87	17	12	21	30	30	88	97	29	22	32	31	30	72	98	26	26	21	37	30	73	80	32	21	20	30	22	61	87	27	22	22	31	34	51	73	27	22	14	21	29	67	66	33	24	42	36	42	62	87	52	31	32	27	29	45	67	8	17	20	14	23	47	73	16	19	14	9	22	49	56	19	9	16	17	17	72	59	3	12	16	21	20	20	63	67	63	50	66	41	54	45	8	16	16	18	14	33	62	12	11	10	8	15	32	35	20	12	8	18	30	38	47	5	16	18	14	21	48	34
Charles&Keith	SHC5921E007N01	1026335	72	37	61	68	29	37	34	38	41	60	91	33	28	39	48	49	63	77	27	39	34	29	52	55	71	26	44	42	42	45	99	106	45	36	32	35	41	75	54	38	31	45	36	48	95	94	33	30	42	40	46	79	77	36	31	34	34	53	69	75	34	29	33	38	33	57	75	33	27	38	43	37	65	84	35	45	24	38	50	60	73	39	37	37	41	43	65	81	80	37	33	32	33	62	69	40	28	23	47	35	66	76	38	29	28	28	36	61	58	31	30	27	32	33	63	64	17	37	37	46	38	43	79	71	108	66	81	70	63	58	26	36	42	30	39	70	75	38	29	24	35	37	62	57	33	40	26	26	29	45	51	20	27	30	33	21	62	60
Chewy Junior 秋尼尔泡芙	SHC5923E021N01	#N/A	7	9	6	13	6	11	12	15	9	16	48	13	11	32	19	12	37	39	28	11	14	5	12	15	30	14	9	14	13	24	46	41	18	16	12	5	13	24	16	9	15	12	15	12	16	18	9	10	8	12	9	21	24	9	11	9	12	6	14	9	7	0	0	0	0	0	0	0	0	0	0	0	0	0	0	0	0	0	0	0	0	0	0	0	0	0	0	0	0	0	0	0	0	0	0	0	0	0	0	0	0	0	0	0	0	0	0	0	0	0	0	0	0	0	0	0	0	0	0	0	0	0	0	0	0	0	0	0	0	0	0	0	0	0	0	0	0	0	0	0	0	0	0	0	0	0	0	0	0	0	0	0	0	0	0	0	0	0
China Gold 中国黄金	SHC5922A013N01	1026336	1	1	1	1	1	1	1	1	1	1	1	1	1	1	1	1	1	1	1	1	1	1	1	1	1	1	1	1	1	1	3	3	3	3	3	3	3	3	3	3	3	3	4	4	4	4	4	4	4	4	4	4	4	4	4	4	4	4	4	4	4	1	1	1	1	1	1	1	1	1	1	1	1	1	1	1	1	1	1	1	1	1	1	1	1	1	1	1	1	1	1	1	1	1	1	1	1	1	1	1	1	1	1	1	1	1	1	1	1	1	1	1	1	1	1	1	1	1	1	1	1	1	1	1	1	1	1	1	1	1	1	1	1	1	1	1	1	1	1	1	1	1	1	1	1	1	1	1	1	1	1	1	1	0	0	0	0	0
ChowTaiFook 周大福	SHC5921E012N01	1026337	12	16	30	19	25	7	14	9	12	28	27	7	14	14	10	14	20	35	12	15	16	13	19	26	51	24	11	17	26	18	40	42	12	15	11	13	19	24	28	17	13	19	15	13	33	51	18	14	16	10	16	23	34	23	15	9	12	22	30	20	17	18	19	13	18	26	31	18	16	14	19	17	28	41	17	10	18	18	18	38	38	23	19	27	29	34	47	96	144	31	20	22	25	42	38	14	11	16	11	25	32	39	14	20	12	9	12	43	37	20	20	12	18	28	38	47	16	17	16	20	26	26	77	62	51	38	54	36	36	17	17	14	14	19	14	15	41	18	16	24	16	21	32	38	18	9	19	13	24	26	26	14	15	15	11	21	29	28
City Romance 小爱	SHC5923D010N01	1026340	206	123	193	217	83	100	77	95	120	169	244	67	92	87	85	109	202	237	59	81	85	74	113	184	237	94	132	103	107	124	265	287	104	126	116	125	142	238	269	119	111	148	124	114	253	318	143	114	114	160	157	278	289	140	151	136	141	154	280	288	149	144	141	153	135	259	276	133	124	117	135	169	254	257	122	126	159	132	128	250	278	109	122	129	137	152	242	277	278	138	122	119	114	210	242	91	73	89	85	117	171	224	85	82	86	91	115	193	221	87	86	94	98	112	198	211	63	81	102	74	99	127	229	260	284	200	235	227	204	162	71	69	87	82	106	213	197	83	86	91	89	111	194	189	80	80	92	84	103	202	207	91	82	83	113	104	208	185
City life	SHC5922D023N01	1900-01-00	1	2	1	1	0	0	0	0	0	0	0	0	0	0	1	1	1	1	1	1	1	1	1	1	1	1	1	1	1	1	1	1	1	1	1	1	1	1	1	1	1	1	1	1	4	5	4	1	4	1	1	5	5	1	1	1	1	1	1	1	1	1	1	1	1	1	1	1	1	1	1	1	1	1	1	1	1	1	1	1	1	2	1	1	1	1	1	1	1	1	1	1	1	1	1	1	1	1	1	1	1	1	1	1	1	1	1	1	1	1	1	1	1	1	1	1	1	1	1	1	1	1	1	1	1	1	2	1	1	1	1	1	1	1	1	1	1	1	1	1	1	1	1	1	1	1	1	0	1	1	2	1	1	1	1	1	1	1
Clarks	SHC5921E032N02	1026344	9	3	6	9	1	4	2	4	3	7	16	3	1	3	2	3	14	16	2	4	6	4	4	7	8	0	3	2	5	2	16	18	1	5	4	4	2	13	8	2	2	3	4	0	7	6	3	2	4	4	3	5	6	3	2	2	1	4	3	2	3	1	2	1	2	5	6	1	3	1	2	2	8	4	0	1	2	4	0	7	6	1	3	6	5	1	5	4	4	4	5	4	3	6	3	0	3	2	1	5	3	5	1	2	0	0	6	3	6	1	2	0	2	1	6	5	0	1	6	4	4	1	7	8	12	11	7	9	7	3	2	2	3	4	6	3	8	0	3	1	2	8	7	6	2	1	2	3	6	6	5	1	2	7	2	3	13	9
Coco 都可	SHC5923E015N01	1026345	641	496	815	778	406	400	414	422	529	692	855	384	415	429	434	526	684	758	398	432	416	451	546	789	746	467	509	533	566	647	861	837	596	556	514	572	656	816	854	530	574	582	593	631	941	993	601	595	612	636	636	1,014	918	622	641	555	596	604	892	964	693	680	639	710	779	952	1,047	652	598	661	651	785	920	890	664	647	644	644	755	931	975	646	631	667	635	730	904	1,006	930	663	623	594	619	836	840	413	416	432	473	619	879	883	470	488	444	494	635	868	903	534	496	402	420	549	837	822	367	499	421	442	459	595	1,017	999	1,067	965	1,021	948	945	797	401	409	403	433	535	833	909	444	486	439	397	546	813	690	1	1	1	1	1	1	1	1	1	0	0	0	0	0
Collectpoint	SHC5921F004N02	1037068	0	0	0	0	0	0	0	0	0	0	0	0	0	0	0	0	0	0	0	0	0	0	0	0	0	0	0	0	0	0	0	0	0	0	0	0	0	0	0	0	0	0	0	0	0	0	0	0	0	0	0	0	0	0	0	0	2	0	1	1	1	1	1	1	1	1	1	2	1	1	1	1	2	1	1	1	1	1	1	1	1	1	3	3	1	1	1	1	1	1	1	1	1	1	1	1	1	1	1	1	1	1	1	1	1	1	1	1	1	1	1	1	1	1	1	1	1	1	1	1	1	1	1	1	1	1	1	1	1	1	1	1	1	1	1	1	2	1	1	1	1	1	1	1	1	1	1	1	1	1	1	1	1	1	1	1	1	1
Columbia	SHC5922F005N01	1026346	10	11	28	19	15	5	12	9	18	24	28	9	11	18	17	13	29	33	11	11	0	7	13	44	33	17	9	19	18	22	50	49	16	1	3	3	2	4	7	2	2	5	4	2	5	9	3	3	6	4	4	5	6	0	10	0	5	5	8	8	2	6	5	1	3	8	4	0	1	2	2	1	1	3	3	1	1	1	1	1	5	2	1	1	1	4	3	1	1	5	3	1	1	6	8	3	4	1	3	1	5	5	0	1	5	0	1	3	2	2	1	0	1	4	1	3	3	2	1	1	1	1	1	12	1	7	9	11	7	8	0	5	0	2	1	1	1	5	0	1	0	2	1	1	0	1	1	0	16	6	2	0	0	0	0	0	0	0
Converse	SHC5922H003N01	1026348	6	5	13	13	4	3	6	6	9	10	21	5	3	4	11	9	8	8	4	3	4	2	4	5	5	4	4	7	11	11	18	21	4	7	3	6	6	9	14	7	9	11	3	7	12	15	7	8	6	5	7	13	10	4	9	7	8	8	17	17	8	9	6	12	13	13	17	10	8	17	13	23	16	23	15	9	10	13	10	9	25	14	14	11	10	15	20	10	11	10	14	6	14	21	27	9	11	6	13	15	19	21	7	9	5	8	15	19	13	5	3	2	7	7	11	13	2	5	6	8	3	2	28	38	24	26	24	20	19	23	4	8	8	5	8	19	24	8	5	8	12	13	10	12	8	3	4	3	3	8	5	1	1	5	5	13	15	12
Costa Coffee 悦达咖世家咖啡	SHC5921D004N01	1026349	1	1	1	1	1	1	1	1	1	1	1	1	1	1	1	1	1	1	1	1	1	1	1	1	1	1	1	1	1	1	1	1	1	1	1	1	1	1	1	1	3	3	4	4	4	4	4	4	4	4	4	4	4	4	4	4	4	4	4	4	4	1	1	1	1	1	1	1	1	1	1	1	1	1	1	1	1	1	1	1	1	1	1	1	1	1	1	1	1	1	1	1	1	1	1	1	1	1	1	1	1	1	1	1	1	1	1	1	1	1	1	1	1	1	1	1	1	1	1	1	1	1	1	1	1	1	1	1	1	1	1	1	1	1	1	1	1	1	1	1	1	1	1	1	1	1	1	1	1	1	1	1	1	0	0	0	0	0
DUOLIN 哆林手感	SHC5920F003N01	1026357	103	71	101	99	44	72	45	58	52	91	110	61	45	85	52	108	82	153	39	48	65	43	59	104	89	87	53	86	51	103	105	155	72	75	43	72	59	116	125	106	76	66	51	86	80	137	59	68	81	62	53	96	104	62	52	70	56	90	70	114	58	60	72	74	52	91	94	43	55	65	61	54	94	120	45	51	45	68	51	92	86	60	62	51	61	38	88	94	104	61	45	43	46	88	85	36	27	40	42	47	99	77	28	33	33	39	51	98	83	39	60	47	43	57	123	85	29	47	47	34	16	75	128	117	128	121	106	87	87	90	42	43	31	41	49	113	113	62	51	45	27	74	87	96	44	56	49	47	73	102	107	49	50	48	54	82	98	112
DaBanCheng 达坂城	SHC5923B005N01	1026350	61	27	51	78	31	29	29	29	37	50	83	24	21	38	31	24	57	74	36	31	27	49	42	75	86	24	36	43	40	55	62	122	36	26	38	39	40	85	120	34	31	39	34	49	103	141	39	31	57	38	31	81	130	36	33	55	39	43	84	126	33	31	27	21	42	105	118	21	25	37	29	34	82	105	28	38	46	28	49	82	124	32	46	102	109	103	166	232	188	70	51	45	52	110	113	24	42	32	30	53	124	147	29	32	38	31	43	101	144	35	46	46	55	47	127	145	36	44	42	41	36	63	207	252	274	183	178	163	127	82	28	29	33	45	57	116	119	28	37	40	40	58	79	124	36	35	38	32	45	82	115	21	33	38	34	44	120	111
DaYu Hotpot 大渝火锅	SHC5923C003N02	1026352	199	149	216	229	146	152	179	167	145	239	241	162	162	142	135	149	222	238	150	143	159	141	170	215	236	141	180	181	165	181	226	243	160	158	165	167	183	234	245	168	164	160	159	181	242	228	172	178	165	176	173	226	239	170	173	183	189	180	215	217	188	188	179	178	185	230	245	184	196	164	169	191	241	233	182	177	183	177	186	234	246	179	184	213	179	209	251	249	234	197	183	183	165	215	243	151	130	133	133	171	228	217	148	171	147	133	171	228	239	157	155	159	136	138	215	230	134	142	146	125	150	182	269	282	263	258	245	238	229	220	119	128	119	157	165	227	240	134	137	129	136	153	216	212	129	134	140	130	152	214	233	159	135	118	94	118	195	178
Dairy Queen 冰雪皇后	SHC5923B009N01	1026351	1	1	1	1	1	1	1	1	1	1	1	1	1	1	1	1	138	303	98	163	92	80	185	372	385	125	160	198	230	253	505	601	216	183	167	164	216	430	531	154	180	177	189	232	492	580	199	197	234	190	232	453	548	206	184	198	215	227	415	461	241	202	192	199	193	424	28	196	164	164	194	237	222	463	185	199	209	148	200	442	447	158	182	208	199	232	356	570	450	216	207	147	151	326	401	68	87	66	28	176	396	476	82	114	4	2	1	1	1	1	1	1	1	1	1	1	1	1	1	1	1	1	1	1	1	1	1	1	1	1	1	1	1	1	1	1	1	1	1	1	1	1	1	1	1	1	1	1	1	1	1	1	1	0	1	5	378	397
Darry Ring	SHC5921D010N02	1037042	0	0	0	0	0	0	0	0	0	0	0	0	0	0	0	0	0	0	0	0	0	0	0	0	0	0	0	0	0	0	0	0	0	0	0	0	0	0	0	0	0	0	0	0	0	0	0	0	0	0	0	0	0	0	0	0	0	0	0	0	0	0	0	0	0	0	2	2	3	0	0	0	0	0	0	0	0	0	0	0	0	0	0	0	0	2	3	2	0	3	0	0	0	3	0	2	1	1	0	1	1	0	2	2	0	2	1	0	0	0	2	1	1	0	3	1	0	0	0	1	1	2	0	0	1	0	0	0	0	0	0	0	1	1	0	0	1	1	2	0	0	1	1	1	0	3	0	0	1	3	2	0	5	3	0	2	4	1
DingCha&JiuLiuMi 鼎茶久留米	SHC5921A007A01	1026353	1	1	1	1	1	1	1	2	1	1	1	1	1	1	1	1	1	1	1	1	1	1	1	1	2	1	1	1	1	1	1	1	1	1	1	1	1	1	4	1	1	1	1	1	1	4	4	4	4	4	4	4	5	1	1	5	5	1	4	4	4	1	1	1	1	1	1	1	1	1	1	1	1	1	1	1	2	2	1	2	2	1	1	1	1	1	1	1	1	1	1	2	2	1	1	1	1	1	1	1	1	1	1	1	1	1	1	1	1	1	1	1	1	1	1	2	1	2	1	2	2	1	1	1	1	1	1	1	1	2	1	1	1	1	1	2	2	1	1	1	1	1	1	1	1	1	1	1	1	2	1	1	2	1	1	1	1	1
Dolar Shop 豆捞坊	SHC5923B002N01	1026354	1	1	1	1	1	1	1	1	1	1	1	1	1	1	1	1	1	1	1	1	1	1	1	1	1	1	1	1	1	1	3	3	3	3	3	3	3	3	3	3	3	3	4	4	4	4	4	4	4	4	4	4	4	4	4	4	4	4	4	4	4	1	1	1	1	1	1	1	1	1	1	1	1	1	1	1	1	1	1	1	1	1	1	1	1	1	1	1	1	1	1	1	1	1	1	1	1	1	1	1	1	1	1	1	1	1	1	1	1	1	1	1	1	1	1	1	1	1	1	1	1	1	1	1	1	1	1	1	1	1	1	1	1	1	1	1	1	1	1	1	1	1	1	1	1	1	1	1	1	1	1	1	1	0	0	0	0	0
DongYuanXiaoGuan 东园小馆	SHC5923D012N02	1026355	1	18	18	19	12	13	17	1	15	17	13	11	11	12	11	13	20	10	8	5	6	13	14	5	20	6	5	3	5	9	6	6	8	3	4	8	4	6	4	4	6	5	14	7	4	7	6	13	13	6	6	5	5	8	4	4	15	5	6	28	5	5	4	20	13	37	1	7	7	3	21	22	2	28	3	3	5	11	3	7	3	5	12	7	7	12	6	6	6	9	22	5	4	4	8	11	6	13	11	5	7	15	8	8	11	15	10	15	11	9	8	16	10	10	9	14	9	10	23	10	15	16	32	17	9	4	7	9	4	9	5	9	9	13	1	14	14	5	9	1	1	1	1	1	1	1	1	1	1	1	1	1	1	0	0	0	0	0
DunErXiaoDi 墩儿小弟	SHC5922C014B02	1038840	0	0	0	0	0	0	0	0	0	0	0	0	0	0	0	0	0	0	0	0	0	0	0	0	0	0	0	0	0	0	0	0	0	0	0	0	0	0	0	0	0	0	0	0	0	0	0	0	0	0	0	0	0	0	0	0	0	0	0	0	0	0	0	0	0	0	0	0	0	0	0	0	0	0	0	0	0	0	0	0	0	0	0	0	0	0	0	0	0	0	0	5	3	200	255	135	161	145	113	186	231	243	81	130	149	134	109	189	225	75	87	80	64	107	174	223	57	82	90	68	89	87	262	234	100	53	72	80	63	75	17	29	18	25	31	63	63	20	19	27	16	27	56	55	15	26	13	18	41	75	61	25	16	11	2	9	17	11
DuoDuoTao 多多淘	SHC5920C004N01	1026356	183	34	78	120	11	17	21	19	27	78	159	15	22	20	24	48	114	144	26	34	35	28	52	154	140	26	23	46	42	51	108	133	30	53	54	56	78	136	143	55	51	71	59	70	127	156	50	55	65	47	45	129	174	87	73	58	61	78	137	163	52	58	55	52	61	143	142	56	47	57	70	66	105	150	60	60	54	53	50	132	143	50	41	52	39	54	93	151	57	63	38	46	29	111	101	8	25	9	12	20	122	126	19	15	23	23	18	122	89	20	8	17	13	20	107	115	9	12	11	12	18	29	140	161	131	96	118	109	91	95	22	16	14	18	19	107	101	15	15	26	12	26	97	113	11	8	10	22	13	95	98	11	10	7	27	15	75	96
E Cube Club 超级智游天地	SHC5920C001A01	1026358	38	5	6	17	0	4	2	1	0	13	10	7	4	2	6	6	5	8	1	4	1	2	13	6	7	3	4	4	4	6	6	7	4	5	4	6	9	14	6	6	3	3	10	4	6	9	6	5	3	10	7	7	5	3	3	3	4	6	7	12	5	5	3	5	9	6	4	6	5	4	3	5	11	5	5	5	8	3	5	11	10	6	7	6	4	28	30	42	5	40	29	13	1	11	8	4	4	5	4	4	11	34	3	2	3	5	7	11	8	1	1	4	1	3	6	9	1	2	1	1	2	5	10	4	2	1	1	1	1	1	1	0	1	1	1	1	1	1	1	1	1	1	1	1	1	1	1	1	1	1	1	1	1	0	0	0	0	0
ECCO爱步	SHC5921E013N01	1026359	1	7	9	5	1	1	2	2	2	2	1	1	4	1	1	3	1	6	1	0	0	1	1	8	8	4	1	5	2	1	10	3	0	1	11	1	1	4	19	3	6	1	0	3	2	5	1	4	0	4	10	11	7	0	0	0	0	0	6	3	2	0	0	4	6	5	2	5	4	10	1	2	9	3	2	3	3	1	6	3	10	6	5	2	2	5	3	4	2	1	4	1	5	5	9	6	1	1	1	4	13	2	2	5	16	5	2	12	12	1	7	6	2	0	6	5	3	2	8	13	10	2	8	15	11	4	5	10	3	2	3	3	5	4	8	12	8	2	2	0	4	6	3	10	4	5	2	1	1	2	6	4	5	3	7	2	6	15
ECOVACS 科沃斯	SHC5923H004N01	1026360	0	0	1	1	0	0	0	0	0	0	2	1	1	1	1	1	1	2	1	0	0	0	0	1	1	0	0	1	0	0	0	2	0	0	3	1	1	1	1	0	3	3	0	0	1	0	1	0	0	0	0	1	1	0	1	1	0	1	0	1	0	0	0	0	1	0	0	0	1	0	0	1	1	1	0	0	0	1	1	1	1	0	0	0	0	1	1	1	1	1	0	0	0	1	1	0	0	0	0	1	1	1	0	0	0	0	0	0	1	1	0	0	0	1	2	0	0	1	1	0	2	2	1	1	1	1	1	1	1	1	0	1	1	1	0	1	0	0	0	1	0	0	0	1	2	1	1	0	2	1	2	0	2	0	0	0	1	1
ENZO	SHC5921H012N02	1026363	3	0	0	2	1	3	0	1	1	1	2	1	1	0	0	1	2	1	1	0	0	1	2	3	1	1	7	0	0	0	0	0	2	1	1	0	0	2	1	1	1	0	0	0	7	2	0	0	0	0	0	0	4	2	10	6	3	0	2	0	1	1	0	1	1	0	3	0	2	0	0	2	5	1	4	3	2	4	2	2	0	0	1	2	1	0	0	1	1	0	0	0	1	1	1	2	0	1	1	0	2	1	0	1	0	2	1	2	3	3	2	1	1	1	3	1	1	0	0	0	2	0	3	1	4	4	1	2	5	6	3	1	2	1	3	1	9	6	0	0	1	1	3	3	2	1	3	1	1	6	1	1	1	1	1	2	4	1
ETAM 艾格	SHC5922B005N01	1026364	1	1	1	1	1	1	1	1	1	1	1	1	1	1	1	1	1	1	1	1	1	1	1	1	1	1	1	1	1	1	1	1	1	1	1	1	1	1	1	1	3	3	4	4	4	4	4	4	4	4	4	4	4	4	4	4	4	4	4	4	4	1	1	1	1	1	1	1	1	1	1	1	1	1	1	1	1	1	1	1	1	1	1	1	1	1	1	1	1	1	1	1	1	1	1	1	1	1	1	1	1	1	1	1	1	1	1	1	1	1	1	1	1	1	1	1	1	1	1	1	1	1	1	1	1	1	1	1	1	1	1	1	1	1	1	1	1	1	1	1	1	1	1	1	1	1	1	1	1	1	1	1	1	0	0	0	0	0
Edimass 艾迪玛仕	SHC5922B020N01	1026361	1	1	1	1	1	1	1	0	1	1	1	0	1	1	1	0	1	1	2	1	1	0	1	1	1	0	1	1	1	0	23	41	1	1	1	1	1	1	1	1	3	1	4	1	1	3	4	1	4	4	4	4	1	4	1	4	1	1	4	1	5	1	1	1	1	2	1	1	1	1	0	1	0	1	1	1	1	1	1	1	1	1	1	1	1	0	1	1	1	1	1	1	1	1	1	1	1	1	1	1	1	1	2	1	1	1	1	1	1	2	0	1	1	1	1	1	1	1	1	1	1	1	12	2	19	15	14	0	0	6	1	1	1	1	1	1	1	0	1	1	1	1	1	1	1	1	2	1	1	1	1	1	1	1	2	2	0	1
Euho 优禾生活	SHC5922E031N01	1045835	1	1	1	1	1	1	1	1	1	1	1	1	1	1	1	1	1	1	1	1	1	1	1	1	1	1	1	1	1	1	3	3	3	3	3	3	3	3	3	3	3	3	4	4	4	4	4	4	4	4	4	4	4	4	4	4	4	4	4	4	4	1	1	1	1	1	1	1	1	1	1	1	1	1	1	1	1	1	1	1	1	1	1	1	1	1	1	1	1	1	1	1	1	1	1	1	1	1	1	1	1	1	1	1	1	1	1	1	1	1	1	1	1	1	1	1	1	1	1	1	1	1	1	1	1	1	1	1	1	1	1	1	1	1	1	1	1	1	1	1	1	1	1	1	0	0	0	0	0	0	0	0	0	0	0	0	0	0
Everlasting SPA 艾维庭	SHC5923C013N01	1026366	4	2	1	2	0	1	1	1	1	0	2	4	2	0	2	4	1	2	0	1	1	0	3	1	1	1	1	1	7	6	8	5	0	1	1	0	3	4	5	2	0	2	4	6	3	1	0	1	0	3	0	8	5	0	1	1	1	2	2	7	5	1	0	0	0	0	1	0	2	1	0	0	0	1	0	1	3	2	0	0	1	2	1	5	4	7	3	5	11	1	6	5	2	1	3	0	2	4	1	1	3	4	2	0	0	0	5	1	3	1	0	2	1	3	3	3	2	0	3	4	2	2	0	2	1	1	1	1	0	0	2	2	10	0	0	0	1	0	0	3	2	3	3	4	1	2	3	1	2	3	1	2	1	0	1	1	3	0
Faigo HotPot 小辉哥	SHC5923B012N01	1026367	120	51	104	1	1	1	1	1	1	1	1	1	1	1	1	1	1	1	1	1	56	62	82	1	1	1	1	1	1	1	3	3	3	3	3	3	3	3	3	3	3	3	4	4	4	4	4	4	4	4	4	4	4	4	4	4	4	4	4	4	4	1	1	1	1	1	1	1	1	1	1	1	1	1	85	1	1	1	1	1	1	1	1	1	1	1	1	1	1	1	1	1	1	1	141	1	1	1	1	1	1	1	1	1	1	1	1	1	1	1	1	1	1	1	1	1	1	44	31	56	50	86	149	156	170	131	146	146	122	100	28	35	54	61	1	126	134	50	66	61	62	50	112	113	39	44	35	49	78	96	122	55	58	34	48	75	106	129
Fandecie 芬狄诗	SHC5922E014N03	1026368	1	1	4	1	1	3	3	1	2	1	1	1	3	1	2	1	1	1	1	1	1	3	1	3	3	2	2	2	1	3	9	6	1	2	2	5	1	9	2	7	1	3	11	5	7	5	4	4	7	6	1	4	4	3	1	5	3	3	1	5	3	6	2	4	2	3	1	4	1	2	2	4	4	4	2	2	3	1	1	2	4	4	1	3	2	6	6	4	2	3	3	3	3	14	10	5	5	6	4	5	5	7	4	2	3	5	3	9	6	4	5	3	4	3	2	5	4	1	3	2	1	3	4	3	4	4	2	8	7	4	1	2	4	3	2	5	2	2	1	3	6	4	4	3	5	2	3	3	1	4	6	1	3	3	2	1	1	6
Forever 21	SHC5921B014N01	1026369	1	1	1	1	1	1	1	1	1	1	1	1	1	1	1	1	1	1	1	1	1	1	1	1	1	1	1	1	1	1	3	3	3	3	3	3	3	3	3	3	3	3	4	4	4	4	4	4	4	4	4	4	4	4	4	4	4	4	4	4	4	1	1	1	1	1	1	1	1	1	1	1	1	1	1	1	1	1	1	1	1	1	1	1	1	1	1	1	1	1	1	1	1	1	1	1	1	1	1	1	1	1	1	1	1	1	1	1	1	1	1	1	1	1	1	1	1	1	1	1	1	1	1	1	309	216	237	175	168	135	38	44	53	44	62	103	104	59	49	57	39	40	99	109	42	41	39	32	49	114	115	33	52	39	35	56	147	125
GAP	SHC5921B012N01	1026372	1	1	1	1	1	1	1	1	1	1	1	1	1	1	1	1	1	1	1	1	1	1	1	1	1	1	1	1	1	1	3	3	3	3	3	3	3	3	3	3	3	3	4	4	4	4	4	4	4	4	4	4	4	4	4	4	4	4	4	4	4	1	1	1	1	1	1	1	1	1	1	1	1	1	1	1	1	1	1	1	1	1	1	1	1	1	1	1	1	1	1	1	1	1	1	1	1	1	1	1	1	1	1	1	1	1	1	1	1	1	1	1	1	1	1	1	1	1	1	1	1	1	1	1	1	1	1	1	1	1	1	1	1	1	1	1	1	1	1	1	1	1	1	1	1	1	1	1	1	1	1	1	1	0	0	0	0	0
GXG	SHC5921B005N02	1026379	2	2	2	3	2	2	2	3	2	3	1	3	2	3	2	3	2	3	2	3	2	3	2	2	2	3	3	2	2	3	4	5	4	5	4	5	4	4	4	5	4	4	5	6	5	6	5	6	6	6	5	6	5	6	5	6	5	6	5	6	5	2	3	2	2	2	3	2	2	3	2	2	3	3	3	2	2	2	3	2	2	2	2	3	2	3	3	3	3	3	1	2	2	2	2	2	2	2	2	3	2	2	2	2	3	2	2	3	2	2	3	2	3	2	3	2	2	2	2	2	3	2	2	3	2	2	2	3	3	2	3	2	2	3	2	2	2	3	2	2	2	2	2	3	3	2	3	2	2	2	3	2	2	2	1	1	1	2
Gainreel 歌瑞尔	SHC5922B019N01	#N/A	22	18	31	32	17	13	26	20	21	32	49	19	30	22	22	20	39	38	17	20	22	15	16	22	47	28	15	27	22	20	57	44	27	13	6	3	0	0	0	0	0	0	0	0	0	0	0	0	0	0	0	0	0	0	0	0	0	0	0	0	0	0	0	0	0	0	0	0	0	0	0	0	0	0	0	0	0	0	0	0	0	0	0	0	0	0	0	0	0	0	0	0	0	0	0	0	0	0	0	0	0	0	0	0	0	0	0	0	0	0	0	0	0	0	0	0	0	0	0	0	0	0	0	0	0	0	0	0	0	0	0	0	0	0	0	0	0	0	0	0	0	0	0	0	0	0	0	0	0	0	0	0	0	0	0	0	0	0
Girdear 哥弟	SHC5921E030N02	1026373	2	0	0	0	0	0	2	2	2	2	3	2	2	2	2	2	2	2	2	2	2	2	2	2	2	0	2	2	2	2	1	1	1	1	1	1	1	0	1	1	1	1	1	1	1	1	0	0	0	0	0	0	0	0	0	0	0	0	0	0	0	0	0	0	0	0	0	0	0	0	0	0	0	0	0	0	0	0	0	0	0	0	0	0	0	0	0	0	0	0	0	0	0	0	0	0	0	0	0	0	0	0	0	0	0	0	0	0	0	0	0	0	0	0	0	0	0	0	0	0	0	0	0	0	0	0	0	0	0	0	0	0	0	0	0	0	0	0	0	0	0	0	0	0	0	0	0	0	0	0	0	0	0	0	0	0	0	0
Girdear 哥弟	SHC5921E030N02	1026373	0	0	0	0	0	0	1	1	1	1	1	1	1	1	1	1	1	1	1	1	1	1	1	1	1	0	1	1	1	1	1	1	1	1	1	1	1	1	1	1	3	3	4	4	4	4	1	15	2	1	2	8	3	2	3	1	1	1	1	1	1	1	1	1	1	2	1	1	1	1	1	1	1	1	1	1	1	1	1	1	1	2	1	1	1	1	1	1	1	1	1	1	1	1	1	1	1	1	1	1	1	1	1	2	2	1	1	1	1	1	0	1	2	1	1	1	1	1	1	1	1	1	1	1	1	1	1	1	1	1	1	1	1	1	1	1	2	3	1	1	2	3	1	2	1	1	1	1	1	1	2	1	1	1	1	1	1	1
Golderner Stern 弗兰肯	SHC5923F001N01	1026374	1	1	1	1	1	1	1	1	1	1	1	1	1	1	1	1	1	1	1	1	1	1	1	1	1	1	1	1	1	1	1	1	1	1	1	1	1	1	1	1	3	3	4	4	4	4	4	4	4	4	4	4	4	4	4	4	4	4	4	4	4	1	1	1	1	1	1	1	1	1	1	1	1	1	1	1	1	1	1	1	1	1	1	1	1	1	1	1	1	1	1	1	18	37	45	11	9	19	20	16	48	63	9	14	33	10	14	37	58	15	8	10	11	16	40	49	8	16	10	10	10	21	60	65	66	50	48	46	41	29	11	12	17	9	17	32	39	11	10	16	12	28	34	30	3	15	17	10	22	34	43	1	16	16	7	20	23	32
Good Harvest 大丰收	SHC5923D005N01	1026375	1	1	1	1	1	1	67	1	1	1	1	1	1	1	1	1	1	149	48	44	69	53	65	163	166	47	1	1	1	1	3	3	3	3	3	3	3	3	3	3	3	3	4	4	4	4	4	4	4	4	4	4	4	4	4	4	4	4	4	4	4	76	93	75	83	135	159	55	72	94	77	76	130	156	52	84	103	85	87	130	172	57	64	109	71	84	134	157	151	74	97	59	68	110	115	36	47	62	50	77	103	126	58	55	59	36	42	108	127	45	56	86	54	58	106	86	28	41	68	65	43	60	139	120	141	101	98	90	81	79	26	48	54	45	55	90	108	43	39	59	42	39	95	77	36	38	63	41	55	97	100	26	50	56	49	56	103	100
Goodbaby 好孩子	SHC5921C011N01	1026376	61	18	31	42	2	6	6	10	8	19	18	16	1	7	13	17	20	21	1	8	8	6	6	14	18	12	7	11	5	9	1	39	8	12	10	14	8	25	21	5	11	15	9	11	18	34	15	10	13	10	7	21	27	12	11	11	15	13	18	22	18	6	6	8	16	16	24	11	4	18	9	15	16	24	21	14	21	15	17	36	44	14	21	13	23	17	40	53	25	26	33	28	20	44	58	16	12	12	12	15	43	35	6	10	9	10	13	35	18	3	11	4	15	12	22	23	4	7	1	1	14	8	34	34	1	1	35	31	1	1	6	3	1	7	1	25	31	1	3	11	7	7	16	15	1	4	7	4	14	18	23	7	1	5	4	3	17	17
Great Bakery 格雷特	SHC5921F008N01	1026377	1	1	1	1	1	1	1	1	1	1	1	1	1	1	1	1	1	1	1	1	1	4	1	5	1	1	1	1	1	1	2	1	1	1	1	1	1	1	1	1	4	1	1	1	1	1	1	1	1	1	1	1	1	1	1	1	5	6	1	1	1	1	1	1	1	1	2	1	1	1	1	1	1	1	1	1	1	1	2	1	1	2	1	1	1	1	1	1	1	1	1	1	1	1	1	1	1	1	1	1	1	1	1	1	1	1	1	1	1	1	1	1	1	1	1	1	1	1	1	1	1	2	1	1	1	1	1	1	1	1	1	1	1	1	1	1	1	1	1	1	1	1	1	1	1	1	1	1	1	1	1	1	2	1	1	1	1	1
Guess	SHC5921D012N01	1026378	5	5	5	12	4	2	3	4	12	8	15	5	5	8	7	12	7	12	3	6	7	7	5	11	8	7	5	5	4	9	38	32	6	8	9	6	11	1	1	1	3	3	4	4	4	4	4	4	4	4	4	4	4	4	4	4	4	4	4	4	4	6	8	7	7	16	15	5	1	1	6	9	9	12	7	6	7	10	6	1	1	1	1	1	1	1	1	1	1	1	1	1	6	11	7	5	5	3	4	7	7	6	4	5	5	8	5	9	6	4	5	4	6	5	6	5	3	5	4	5	6	3	8	10	14	4	7	8	8	5	4	5	4	5	5	4	6	4	4	6	4	5	7	6	5	1	4	4	3	6	4	4	4	4	3	4	5	6
Gymboree 金宝贝	SHC5920C001B01	1026380	2	1	1	1	1	0	1	1	1	1	1	1	1	1	1	1	1	1	1	0	1	0	1	1	0	1	1	1	1	0	0	0	1	1	1	1	1	1	1	1	0	1	1	1	1	1	0	1	1	1	1	0	1	1	5	5	1	1	1	1	1	0	1	1	1	1	1	1	0	1	1	1	1	1	1	1	1	1	2	1	1	1	0	1	1	1	1	1	1	1	1	1	0	1	1	1	0	1	1	1	1	1	1	1	1	1	1	1	1	1	0	1	1	1	1	1	1	1	1	1	1	1	0	0	1	0	1	1	1	1	1	0	0	1	1	1	1	1	0	1	1	1	1	1	1	1	1	1	1	1	1	1	0	0	1	1	1	1
H&M	SHC5921B011N01	1026381	1	1	1	1	1	1	1	1	1	1	1	1	1	1	1	1	1	1	1	1	1	1	1	1	1	1	1	1	1	1	3	3	3	3	3	3	3	3	3	3	3	3	4	4	4	4	4	4	4	4	4	4	4	4	4	4	4	4	4	4	4	1	1	1	1	1	1	1	1	1	1	1	1	1	1	1	1	1	1	1	1	1	1	1	1	1	1	1	1	1	1	1	1	1	1	1	1	1	1	1	1	1	1	1	1	1	1	1	1	1	1	1	1	1	1	1	1	1	1	1	1	1	1	1	1	1	1	1	1	1	1	1	1	1	1	1	1	1	1	1	1	1	1	1	1	1	1	1	1	1	1	1	1	0	0	0	0	0
H.A.O	SHC5923B030N02	#N/A	20	10	10	6	3	2	3	3	2	9	12	3	4	5	10	4	13	6	8	6	5	7	6	8	15	3	7	12	3	5	19	9	6	2	8	6	3	18	8	2	8	3	11	9	22	16	16	9	14	13	24	19	30	10	28	25	17	13	22	21	19	55	56	31	45	36	31	14	8	30	9	0	0	0	0	0	0	0	0	0	0	0	0	0	0	0	0	0	0	0	0	0	0	0	0	0	0	0	0	0	0	0	0	0	0	0	0	0	0	0	0	0	0	0	0	0	0	0	0	0	0	0	0	0	0	0	0	0	0	0	0	0	0	0	0	0	0	0	0	0	0	0	0	0	0	0	0	0	0	0	0	0	0	0	0	0	0	0
H:CONNECT	SHC5921B004N02	1026383	1	2	1	1	1	1	1	1	1	1	1	1	1	1	1	1	1	1	2	1	1	1	1	1	1	1	1	1	1	1	1	1	1	1	1	1	1	1	1	1	1	1	1	1	1	1	1	1	1	1	1	1	1	1	1	1	1	1	1	1	1	1	1	1	1	1	1	1	1	1	1	1	1	1	1	1	1	1	1	1	1	1	1	1	1	1	1	1	1	1	1	1	1	1	1	1	1	1	1	1	1	1	1	1	1	1	1	1	1	1	1	1	1	1	1	1	1	1	1	1	1	1	1	1	1	1	1	1	1	1	1	1	1	1	1	1	1	1	1	1	1	1	1	1	1	1	1	1	1	1	1	1	1	1	1	1	1	1
HIMO 海马体照相馆	SHC5922B010N02	1026390	22	13	11	15	16	10	13	21	17	9	14	6	1	1	1	1	1	1	1	1	1	1	1	1	1	1	1	1	1	1	36	25	12	25	13	19	20	24	20	18	21	28	5	4	4	4	4	4	4	4	4	4	4	4	4	4	4	4	4	4	4	1	1	1	1	1	1	1	1	1	1	1	1	1	1	1	1	1	1	1	1	1	1	1	1	1	1	1	1	1	1	1	51	32	21	43	28	20	28	27	22	21	28	26	24	38	35	30	29	28	26	25	31	38	24	17	25	25	22	19	20	40	23	34	28	27	21	48	29	26	46	31	43	32	54	19	25	8	1	1	1	1	1	1	1	1	1	1	1	1	1	1	1	0	0	0	0	0
Haagen Dazs 哈根达斯	SHC5921H001N01	1026384	299	85	304	329	50	70	56	73	95	253	380	71	40	55	52	103	304	313	93	73	46	65	79	322	350	89	140	138	183	190	349	447	148	181	138	127	172	385	404	103	145	150	134	172	393	438	124	167	98	150	192	419	458	160	176	137	157	164	369	431	137	128	137	112	130	342	359	117	90	155	108	205	320	361	152	110	127	172	140	404	332	127	141	131	148	171	295	367	225	137	157	122	65	305	328	47	43	43	51	91	207	295	34	59	75	49	98	277	250	40	57	76	64	112	343	339	36	112	72	72	115	176	536	485	481	394	303	311	316	218	52	51	63	60	109	282	325	49	45	45	36	54	273	235	26	45	51	43	88	287	246	40	55	62	49	100	201	223
Hangten	SHC5922H008N02	1026385	1	1	1	1	1	1	1	1	1	1	1	1	1	1	1	1	1	1	1	1	1	1	1	2	1	1	1	1	1	1	7	5	1	1	1	1	1	1	1	1	1	1	1	1	1	1	1	1	1	1	1	1	1	1	1	1	1	1	1	5	1	1	1	1	1	1	1	1	1	1	1	1	1	1	1	1	1	1	1	1	1	1	1	1	1	1	1	1	1	1	1	1	1	1	1	1	1	1	1	1	1	1	1	1	1	2	1	1	1	1	1	1	1	1	1	1	1	1	1	1	2	7	4	7	8	5	2	8	5	5	1	1	1	1	1	3	3	2	1	1	1	4	3	2	1	1	1	1	1	1	3	1	2	1	1	3	3	5
Happy Lemon 快乐柠檬	SHC5923B010N01	1026386	1	1	1	1	1	1	1	1	1	1	1	1	1	1	1	1	1	1	1	1	1	1	1	1	1	1	1	1	1	1	3	3	3	3	3	3	3	3	3	3	3	3	4	4	4	4	4	4	4	4	4	4	4	4	4	4	4	4	4	4	4	1	1	1	1	1	1	1	1	1	1	1	1	1	1	1	1	1	1	1	1	1	1	1	1	1	1	1	1	1	1	1	1	1	1	1	1	1	1	1	1	1	1	1	1	1	1	1	1	1	1	1	1	1	1	1	1	1	1	1	1	1	1	1	1	1	1	1	1	1	1	1	1	1	1	1	1	1	1	1	1	1	1	1	1	1	1	1	1	1	1	1	1	0	0	0	0	0
Hello Time Skin	SHC5923C016N01	1026387	2	1	6	6	1	1	2	4	4	4	3	2	3	3	3	3	2	7	6	2	1	1	3	6	1	1	3	0	4	7	2	11	11	1	4	4	3	7	5	5	0	2	4	4	11	6	3	5	3	4	8	1	7	4	4	2	5	4	9	6	4	6	4	7	4	2	8	9	6	3	4	5	7	2	4	2	7	1	1	2	7	3	3	8	3	5	4	3	4	6	5	4	2	3	3	2	2	2	2	3	4	7	2	2	3	4	3	5	4	1	1	6	2	1	6	3	7	8	5	4	3	4	10	10	5	8	5	7	3	4	4	1	5	7	3	2	3	1	2	3	4	4	8	4	3	3	1	5	5	5	5	1	1	4	3	1	2	4
Herborist 佰草集	SHC5922C017N02	1026388	1	2	1	3	2	1	1	2	3	1	2	1	2	1	1	2	2	2	2	1	1	1	0	1	2	3	1	1	1	1	1	2	1	0	2	1	1	1	1	2	1	1	5	2	2	1	2	1	1	1	1	1	2	2	1	1	8	1	1	1	5	3	1	2	2	1	2	1	1	1	1	1	1	1	1	1	0	1	2	1	1	2	2	1	1	1	1	2	2	1	0	1	1	1	2	1	1	3	1	1	1	1	1	1	0	2	2	1	3	1	1	1	1	1	3	1	1	1	1	1	1	1	1	2	2	2	1	3	2	1	1	1	1	1	1	4	1	4	1	1	1	2	2	1	1	2	2	2	1	1	2	2	1	1	1	1	1	1
Hi Panda	SHC5922H007N03	1026389	1	1	1	1	1	1	1	1	1	1	1	1	1	1	1	1	1	1	1	1	1	1	1	1	1	1	1	1	1	1	3	3	3	3	3	3	3	3	3	3	3	3	4	4	4	4	4	4	4	4	4	4	4	4	4	4	4	4	4	4	4	1	1	1	1	1	1	1	1	1	1	1	1	1	1	1	1	1	1	1	1	1	1	1	1	1	1	1	1	1	1	1	1	1	1	1	1	1	1	1	1	1	1	1	1	1	1	1	1	1	1	1	1	1	1	1	1	1	1	1	1	1	1	1	1	1	1	1	1	1	1	1	1	1	1	1	1	1	1	1	1	1	1	1	1	1	1	1	1	1	1	1	1	0	0	0	0	0
HiWeiHuaJia  Hi味花甲	SHC5923F009N02	1037048	0	0	0	0	0	0	0	0	0	0	0	0	0	0	0	0	0	0	0	0	0	0	0	0	0	0	0	0	0	0	0	0	0	0	0	0	0	0	0	5	0	0	0	223	321	374	138	86	184	199	214	318	334	167	203	197	185	277	345	362	199	215	155	202	180	264	298	147	187	144	176	207	288	323	148	167	168	155	192	253	278	111	140	169	141	163	189	265	246	176	143	115	132	188	209	73	91	78	76	100	204	173	90	73	71	81	129	193	172	77	76	77	55	89	149	151	58	83	79	68	90	121	260	215	221	152	198	183	174	146	60	87	79	84	115	169	175	55	71	61	54	112	172	173	51	54	49	64	96	153	174	57	50	0	25	11	0	0
Hodo Man红豆男装	SHC5922F012N01	1026391	11	26	44	48	11	16	6	10	16	15	34	16	22	14	12	22	32	53	14	7	9	8	11	22	16	10	16	14	13	9	38	30	24	16	21	22	15	25	64	14	24	30	31	8	48	50	18	33	30	24	18	45	64	37	16	25	23	19	64	49	13	12	19	14	20	31	48	21	22	13	14	42	35	32	17	20	13	21	26	28	32	11	32	19	19	60	23	66	18	39	16	14	15	24	20	16	11	10	12	13	20	23	15	17	6	10	15	33	35	10	17	16	20	9	24	46	16	21	16	21	25	27	59	39	53	48	53	29	40	33	7	9	24	21	25	31	58	19	15	27	36	30	31	45	21	15	12	27	14	44	41	23	38	12	11	18	49	41
HodoHome	SHC5922A018N02	1026392	26	25	34	35	10	11	18	16	13	28	41	16	13	15	11	13	25	28	10	28	14	9	13	26	22	9	11	18	11	1	1	1	5	18	21	1	1	1	1	1	3	3	4	4	4	4	4	4	4	4	4	4	4	4	4	4	4	4	4	4	4	1	1	1	1	1	21	14	23	16	13	19	29	22	20	20	17	17	35	78	25	12	17	18	12	14	38	40	30	17	20	13	19	37	37	8	24	8	23	10	9	66	7	10	16	9	14	29	22	13	14	12	16	27	31	32	11	19	17	7	14	13	79	81	47	26	37	32	39	57	1	1	1	1	1	18	39	12	1	1	1	1	1	1	1	1	1	1	1	1	1	1	1	0	0	0	0	0
Honeymoon 满记甜品	SHC5921E001N01	1026393	176	92	169	175	63	80	90	79	95	150	194	68	76	85	75	107	169	182	76	85	93	66	87	191	194	78	115	128	134	125	212	226	118	130	121	120	132	202	204	118	142	122	121	125	210	237	120	145	150	129	172	221	246	120	157	141	156	149	220	219	136	126	141	118	160	213	227	112	128	115	124	136	223	227	116	160	125	137	158	223	221	118	157	157	150	132	215	245	211	134	146	101	124	203	208	71	77	66	80	117	196	201	75	79	76	83	96	198	169	65	77	71	70	120	196	185	50	68	65	63	79	121	218	235	227	221	231	236	199	183	65	52	76	68	114	183	191	76	73	82	81	94	178	159	63	65	68	73	105	183	172	71	67	79	70	82	170	170
Hot Star 正豪大大	SHC5923E016N01	1043217	1	1	1	1	1	1	1	1	1	1	1	1	1	1	1	1	1	1	1	1	1	1	1	1	1	1	1	1	1	1	3	3	3	3	3	3	3	3	3	3	3	3	4	4	4	4	4	4	4	4	4	4	4	4	4	4	4	4	4	4	4	1	1	1	1	1	1	1	1	1	1	1	1	1	1	1	1	1	1	1	1	1	1	1	1	1	1	1	1	1	1	1	1	1	1	1	1	1	1	1	1	1	1	1	1	1	1	1	1	1	1	1	1	1	1	1	1	1	1	1	1	1	1	1	1	1	1	1	1	1	1	1	1	1	1	1	1	4	1	1	1	2	1	2	2	1	1	1	2	2	2	2	2	1	1	1	1	1
Hotwind 热风	SHC5922B018N01	1026395	1	1	1	1	1	1	1	1	1	1	1	1	1	1	1	1	1	1	1	1	1	1	1	1	1	1	1	1	1	1	1	1	1	1	1	1	1	1	1	1	3	3	4	4	4	4	4	4	4	4	4	4	4	4	4	4	4	4	4	4	4	1	1	1	1	1	1	1	1	1	1	1	1	1	1	1	1	1	1	1	1	1	1	1	1	1	1	1	1	1	1	1	1	1	1	1	1	1	1	1	1	1	1	1	1	1	1	1	1	1	1	1	1	1	1	1	1	1	66	70	69	115	248	245	223	183	186	179	154	132	58	58	64	64	79	165	195	70	76	72	96	94	160	154	64	60	69	62	84	129	156	85	74	76	61	54	168	149
HuJiaShuaiMian 琥家帅面	SHC5923E011N02	1026396	71	44	90	107	34	25	28	28	52	69	113	32	42	38	43	51	89	96	37	35	37	25	43	92	114	41	52	54	42	62	118	128	43	43	44	56	64	108	134	48	48	47	60	52	114	131	54	66	60	59	66	109	128	61	67	45	68	64	116	129	4	58	46	42	62	110	120	56	42	42	42	61	99	104	42	51	38	46	54	90	120	55	53	54	44	53	105	117	90	53	52	44	43	91	104	24	35	30	25	34	94	119	33	42	28	22	53	100	119	31	36	28	37	44	97	92	14	27	28	37	43	56	88	106	124	75	107	112	91	64	24	21	38	29	34	97	90	30	25	27	29	44	79	80	28	29	31	26	49	76	101	27	38	26	25	44	81	84
HuangJiHuang 黄记煌	SHC5923D003N01	1026563	1	1	1	1	1	1	1	1	1	1	1	1	1	1	1	1	1	1	1	1	1	1	1	1	1	1	1	1	1	1	3	3	3	3	3	3	3	3	3	3	3	3	4	4	4	4	4	4	4	4	4	4	4	4	4	4	4	4	4	4	4	1	1	1	1	1	1	1	1	1	1	1	1	1	1	1	1	1	1	1	1	1	1	1	1	1	1	1	1	1	1	1	1	1	1	1	1	1	1	1	1	1	1	1	1	1	1	1	1	1	1	1	1	1	1	1	1	1	1	1	1	1	1	1	1	1	1	1	1	1	1	1	1	1	1	1	1	56	65	122	62	88	111	122	51	56	54	62	81	115	129	48	69	50	44	68	124	119
HuoLuHuo 火炉火	SHC5922E022N01	1026397	1	1	1	1	1	1	1	1	1	1	1	1	1	1	1	1	1	1	1	1	1	1	1	1	1	1	1	1	1	1	3	3	3	3	3	3	3	3	3	3	3	3	4	4	4	4	4	4	4	4	4	4	4	4	4	4	4	4	4	4	4	1	1	1	1	1	1	1	1	1	1	1	1	1	1	1	1	1	1	1	1	1	1	1	1	1	1	1	1	1	1	1	36	114	140	32	37	44	49	64	129	140	39	37	37	43	57	126	113	38	28	42	31	49	107	107	29	25	31	42	43	63	138	167	161	125	143	147	132	103	33	35	34	33	52	137	113	1	38	26	33	46	128	90	28	40	1	30	56	106	114	31	42	23	0	52	127	103
Hurom 惠人生活	SHC5922B001A01	1026398	1	0	0	1	1	0	1	0	3	0	0	0	0	0	0	0	0	2	0	0	0	1	1	1	1	0	0	0	0	1	0	1	1	0	1	0	1	1	1	0	0	0	4	0	0	0	0	0	0	4	0	0	4	4	4	4	4	0	4	0	4	0	1	0	0	0	1	0	0	0	1	1	1	0	1	0	0	0	0	1	1	1	0	1	1	0	1	0	0	0	1	0	1	1	1	1	0	0	0	0	1	1	0	0	0	1	0	1	0	1	1	0	0	0	0	0	0	0	0	0	0	0	0	0	0	0	0	0	0	0	0	0	0	0	0	0	0	0	0	0	0	0	0	0	0	0	0	0	0	0	0	0	0	0	0	0	0	0
I DO	SHC5921H011N01	1026399	0	0	3	2	0	0	0	1	1	1	1	0	0	0	0	0	1	1	0	3	0	0	0	3	0	0	0	5	1	7	9	2	0	1	1	0	2	1	0	0	1	0	0	2	1	1	0	0	0	0	1	3	1	0	2	0	0	0	1	1	0	1	1	2	2	0	0	0	2	0	0	0	1	2	1	1	3	0	0	3	0	11	11	7	3	3	11	8	14	5	10	0	5	3	3	2	1	3	0	1	0	1	0	5	3	3	0	1	0	0	7	2	0	2	4	1	0	3	5	0	5	2	2	5	3	2	3	4	3	6	0	3	3	0	1	3	1	0	1	1	0	0	3	1	0	0	1	0	0	0	2	1	0	1	0	0	0	2
ICERINK	SHC592ICERINK1	4762-10-07	5	2	3	3	0	2	2	0	0	3	3	0	0	0	0	0	4	3	0	0	0	0	0	16	5	0	3	5	4	0	15	4	1	2	1	1	0	4	5	6	3	0	0	0	0	0	0	0	0	0	0	0	0	0	0	0	0	0	0	0	0	0	0	0	1	2	3	4	1	0	17	1	26	6	1	0	0	2	1	3	1	0	2	0	1	0	1	1	0	0	2	0	2	0	0	0	0	0	2	0	2	2	0	0	0	0	0	2	2	0	0	2	0	0	2	2	0	0	0	0	0	0	0	3	7	2	3	5	4	2	0	0	2	0	0	2	2	0	0	0	0	0	0	0	0	0	0	0	0	3	0	0	0	0	0	0	0	0
IRA	SHC5922D029N02	1037233	0	0	0	0	0	0	0	0	0	0	0	0	0	0	0	0	0	0	0	0	1	1	1	1	1	1	1	1	1	1	1	1	16	11	18	12	21	17	37	13	12	15	11	9	24	22	19	10	6	22	12	25	37	12	13	12	19	9	18	23	19	14	13	11	14	16	24	17	9	10	4	12	13	17	9	11	15	9	9	9	11	11	5	8	8	8	13	10	14	8	4	7	2	8	12	4	6	4	8	6	19	12	10	6	7	6	7	8	11	5	6	10	6	4	28	12	10	6	5	8	4	4	29	24	14	15	12	11	11	14	4	2	5	3	9	17	17	14	6	7	7	5	11	14	6	4	11	8	7	16	11	11	6	5	4	3	20	16
IRA品牌服饰	SHC5922D029N02	1037233	0	0	0	0	0	0	0	0	0	0	0	0	0	0	0	0	0	0	0	0	25	15	19	22	32	11	15	19	19	3	16	29	2	0	0	0	0	0	0	0	0	0	0	0	0	0	0	0	0	0	0	0	0	0	0	0	0	0	0	0	0	0	0	0	0	0	0	0	0	0	0	0	0	0	0	0	0	0	0	0	0	0	0	0	0	0	0	0	0	0	0	0	0	0	0	0	0	0	0	0	0	0	0	0	0	0	0	0	0	0	0	0	0	0	0	0	0	0	0	0	0	0	0	0	0	0	0	0	0	0	0	0	0	0	0	0	0	0	0	0	0	0	0	0	0	0	0	0	0	0	0	0	0	0	0	0	0	0
IZOLA 伊佐拉	SHC5922D006N02	1026404	7	4	14	11	7	4	4	5	4	12	14	6	3	4	8	4	16	17	12	13	6	8	9	17	12	3	8	8	7	2	13	14	4	4	6	6	6	12	20	6	8	9	11	6	14	12	3	10	7	11	6	14	18	9	8	11	8	6	13	16	2	12	7	5	17	18	15	10	10	13	17	6	11	15	11	8	11	7	8	12	15	11	12	4	8	8	17	21	6	5	10	4	10	11	21	2	3	5	5	7	14	15	9	6	6	7	10	9	12	8	6	3	8	11	9	13	5	9	12	5	17	14	20	30	21	26	16	11	12	11	7	4	7	7	6	8	24	9	7	7	8	10	14	10	5	5	4	5	8	14	10	7	4	10	3	5	20	13
Iceason 爱茜茜里	SHC5923H012N01	1026400	50	11	65	72	8	15	8	11	14	29	84	9	8	9	9	16	37	56	9	17	13	9	22	42	68	18	28	22	32	25	88	100	3	20	27	34	40	87	101	3	34	35	36	44	94	139	36	37	24	21	34	87	91	27	31	31	42	38	74	104	34	38	25	30	1	77	11	31	23	28	30	37	60	82	26	26	34	32	1	99	86	25	39	27	42	37	80	112	74	23	26	18	28	46	61	10	7	6	9	20	1	76	9	1	16	11	14	40	68	6	7	1	10	1	34	24	7	10	9	5	4	18	111	86	116	66	82	57	47	44	15	1	1	19	1	37	42	5	11	9	6	1	53	55	17	1	15	9	1	46	47	11	9	8	10	11	46	47
Icicle 之禾	SHC5921E027N01	1026401	10	14	10	11	4	4	4	3	9	8	16	7	7	4	6	3	13	10	7	2	4	6	1	9	6	3	13	4	4	14	16	23	5	9	4	11	10	14	13	10	7	3	2	7	5	17	4	10	5	2	8	13	21	8	16	5	13	19	11	9	5	6	3	4	5	9	12	6	2	18	6	7	7	15	2	6	3	8	7	13	13	2	11	7	2	4	7	13	3	9	12	5	5	5	16	3	3	2	3	4	10	9	3	3	3	5	4	14	5	4	3	3	5	4	8	5	1	5	4	5	5	6	5	13	13	8	6	10	9	9	2	3	5	2	5	12	9	3	1	10	7	4	10	7	11	5	6	4	3	11	18	8	3	6	10	4	11	10
In Young 映牌原创	SHC5922B007N02	4772-01-31	0	0	0	0	0	0	0	0	0	0	0	0	0	0	0	0	0	0	0	0	0	0	0	0	0	0	0	0	0	0	0	0	0	0	0	0	0	0	0	0	0	0	0	0	0	0	0	0	0	0	0	0	0	0	0	0	0	0	0	0	0	0	0	0	0	0	0	0	0	0	0	0	0	0	0	0	0	0	0	0	0	0	0	0	0	0	0	0	0	0	0	0	0	0	0	0	0	0	0	0	0	0	0	0	0	0	0	0	0	0	0	0	0	0	0	0	0	0	0	0	0	0	1	1	1	1	1	1	1	1	1	1	1	1	1	1	1	1	1	1	1	8	1	2	1	2	1	3	1	2	5	1	6	3	3	1	8	1
Intersport	SHC5922E028N01	1026402	1	1	1	1	1	1	1	1	1	1	1	1	1	1	1	1	1	1	1	1	1	1	1	1	1	1	1	1	1	1	3	3	3	3	3	3	3	3	3	3	3	3	4	4	4	4	4	4	4	4	4	4	4	4	4	4	4	4	4	4	4	1	1	1	1	1	1	1	1	1	1	1	1	1	1	1	1	1	1	1	1	1	1	1	1	1	1	1	1	1	1	1	1	1	1	1	1	1	1	1	1	1	1	1	1	1	1	1	1	1	1	1	1	1	1	1	1	1	1	1	1	1	1	1	1	1	1	1	1	1	1	1	1	1	1	1	1	1	1	1	1	1	1	1	1	1	1	1	1	1	1	1	1	0	0	0	0	0
It Michaa	SHC5921E025N01	1026403	3	0	7	12	3	2	1	3	2	4	2	4	1	5	1	3	3	6	0	2	2	5	1	5	1	4	1	7	2	0	1	5	0	1	1	5	2	6	4	1	3	5	0	2	7	5	2	5	0	7	4	4	3	6	6	5	6	7	10	7	0	1	4	2	4	1	9	2	3	2	6	2	3	2	2	0	1	2	1	4	1	3	0	3	0	1	1	4	0	1	3	0	5	4	1	1	1	3	0	2	3	4	0	0	2	2	1	2	5	0	1	2	1	0	7	5	4	3	1	2	0	5	8	3	2	4	6	4	3	5	2	2	2	0	1	4	5	4	2	1	3	2	3	3	1	3	0	5	2	3	2	0	3	2	1	1	5	3
JINS 睛姿	SHC5921F003N02	1026409	1	1	1	1	1	1	1	1	1	1	1	1	1	1	1	1	1	1	1	1	1	1	1	1	1	1	1	1	1	1	1	1	1	1	1	1	1	1	1	1	3	3	4	4	4	4	4	4	4	4	4	4	4	4	4	4	4	4	4	4	4	1	1	1	1	1	1	1	1	1	1	1	1	1	1	1	1	1	1	1	1	1	1	1	1	1	1	1	1	1	1	1	14	50	44	21	16	17	13	27	51	36	16	17	14	13	15	40	34	21	14	11	7	16	25	28	9	17	7	11	13	21	50	30	36	29	30	27	22	32	12	10	8	23	18	21	32	12	10	18	17	15	33	42	13	21	14	24	14	41	34	27	6	5	5	6	20	13
JNBY 江南布衣	SHC5922E020N01	1026412	1	2	4	1	1	1	2	1	1	1	4	1	3	2	2	1	1	3	1	2	4	1	1	1	1	1	1	1	3	1	5	1	6	1	5	1	3	1	8	3	1	1	6	1	3	3	3	1	2	1	3	1	3	1	3	1	3	1	5	1	0	2	1	1	2	3	4	1	4	2	5	2	3	1	2	1	1	1	2	1	2	0	1	1	1	1	2	1	1	1	6	4	2	1	3	1	1	1	5	1	4	1	2	1	1	0	2	1	2	1	1	2	2	3	3	2	1	1	1	2	2	2	2	3	4	3	5	2	2	1	2	0	1	2	1	1	2	1	1	1	1	3	3	1	1	2	1	1	3	2	1	1	2	1	2	1	2	2
Jessie&Jane	SHC5921D026N02	1026405	4	4	13	11	5	4	4	3	6	4	9	3	2	9	10	9	7	16	1	4	7	5	8	8	8	5	7	6	8	8	21	18	6	10	10	6	4	6	12	1	11	4	1	13	10	6	2	4	5	4	4	6	7	5	3	4	3	2	9	6	23	9	6	10	3	9	8	4	3	2	3	5	6	12	2	7	8	9	7	12	17	2	4	5	6	4	7	13	14	4	5	10	10	10	9	3	5	14	3	5	17	7	6	3	3	5	5	10	6	7	9	5	4	4	7	6	12	9	5	14	8	6	15	20	19	11	14	10	8	10	4	2	2	6	3	9	6	5	10	3	11	4	11	4	3	3	4	5	9	10	7	4	5	4	0	0	0	0
JiGuangXiangXiangJi 继光香香鸡	SHC5923F008N01	1026408	1	1	1	1	1	1	1	1	1	1	1	1	1	1	1	2	1	1	1	1	1	1	1	1	1	1	1	1	1	1	1	1	1	1	1	3	3	3	3	1	1	3	1	1	1	1	4	1	4	1	4	1	1	1	1	1	4	1	1	1	4	1	1	1	1	1	1	1	1	1	1	1	1	1	1	1	1	1	1	1	1	1	1	1	1	1	1	1	1	1	1	1	1	1	1	1	1	1	1	1	1	1	1	1	1	1	1	1	1	1	1	1	1	1	1	1	1	1	1	1	1	1	1	1	1	1	1	1	1	1	1	1	1	1	3	1	1	1	1	1	1	1	1	1	1	1	1	1	1	1	1	1	2	1	1	1	1	1
JiShiKou 集市口	SHC5923E017A01	1026411	128	63	157	170	50	43	51	60	62	139	208	37	66	67	46	58	154	180	55	46	78	42	68	157	177	52	93	107	69	109	197	224	79	74	58	60	96	186	221	50	85	80	93	98	212	233	63	77	79	87	96	195	242	83	89	90	95	97	218	226	109	74	57	84	96	198	231	77	73	72	86	86	196	226	82	66	93	94	88	188	210	77	85	78	97	90	186	231	170	85	83	73	63	169	174	51	44	54	67	66	158	195	48	69	63	48	94	179	214	59	49	71	51	58	190	177	39	49	37	52	46	73	208	239	1	183	207	187	173	133	43	50	45	41	58	151	182	57	33	56	48	67	136	167	33	55	49	57	92	169	188	50	52	40	50	66	177	184
JiaYouHaoMian 家有好面	SHC5922C014E02	1026407	125	76	146	145	58	61	67	57	70	105	160	64	57	53	59	91	135	139	61	62	52	58	90	139	141	76	76	66	65	92	179	181	97	87	88	102	102	157	162	95	98	99	91	119	177	200	82	98	4	96	108	188	195	84	97	94	100	110	203	184	102	101	88	88	136	176	197	114	83	115	95	117	171	189	103	97	107	93	107	1	1	70	1	87	92	108	158	178	110	94	1	1	1	1	1	55	58	1	53	62	54	114	50	41	54	53	74	58	106	55	1	72	32	40	146	31	1	69	60	58	47	81	23	80	1	85	124	124	120	32	43	61	68	61	1	121	63	44	67	48	54	46	129	37	43	62	52	51	55	22	144	50	55	60	58	64	48	135
JianDaoShiTouBu 剪刀石头布	SHC5923B016N01	1026406	1	1	1	1	1	1	1	1	1	1	1	1	1	1	1	1	1	1	1	1	1	1	1	1	1	1	1	1	1	1	3	3	3	3	3	3	3	3	3	3	3	3	4	4	4	4	4	4	4	4	4	4	4	4	4	4	4	4	4	4	4	1	1	1	1	1	1	1	1	1	1	1	1	1	1	1	1	1	1	1	1	1	1	1	1	1	1	1	1	1	1	1	1	1	1	1	1	1	1	1	1	1	1	1	1	1	1	1	1	1	1	1	1	1	1	1	1	1	1	1	1	1	1	1	1	1	1	1	1	1	1	1	1	1	1	1	1	1	1	1	1	1	1	1	1	1	1	1	1	1	1	7	1	2	0	0	0	6
JinYi 金逸	SHC5923A002N01	1026410	1	1	1	1	1	1	1	1	1	1	1	1	1	1	1	1	1	1	1	1	1	1	1	1	1	1	1	1	1	1	3	3	3	3	3	3	3	3	3	3	3	3	4	4	4	4	4	4	4	4	4	4	4	4	4	4	4	4	4	4	4	1	1	1	1	1	1	1	1	1	1	1	1	1	1	1	1	1	1	1	1	1	1	1	1	1	1	1	1	1	1	1	1	1	1	1	1	1	1	1	1	1	1	1	1	1	1	1	1	1	1	1	1	1	1	1	1	1	1	1	1	1	1	1	1	1	1	1	1	1	1	1	1	1	1	1	1	1	1	1	1	1	1	1	1	1	1	1	1	1	1	1	1	0	0	0	0	0
Jookee 觉客	SHC5921D021N01	1026413	1	1	1	1	1	1	1	1	1	1	1	1	1	2	1	1	1	1	1	1	1	1	2	1	1	1	1	1	1	1	1	1	1	1	1	1	1	1	4	1	4	1	1	1	1	1	1	1	1	5	1	5	1	4	1	1	5	1	1	1	1	1	1	1	1	1	1	1	1	1	1	1	1	1	1	1	1	1	1	1	1	1	1	1	1	1	1	1	1	1	1	1	1	1	1	1	1	1	1	1	1	1	1	1	1	1	1	1	1	1	1	1	2	1	1	1	1	1	2	1	1	1	2	1	1	1	1	1	2	1	1	1	1	2	1	1	1	1	1	1	1	1	1	1	1	1	1	3	1	2	1	1	1	1	1	2	1	1
JueWei 绝味鸭脖	SHC5922A019C01	1026414	1	1	1	1	1	1	1	1	1	1	1	1	1	1	1	1	1	1	1	1	1	1	1	2	1	1	1	1	1	1	1	2	1	1	1	1	1	1	2	1	1	1	1	0	1	5	1	1	1	1	1	1	1	1	1	1	1	1	1	5	5	1	1	1	1	1	1	1	1	1	1	1	1	1	1	1	1	1	1	1	1	1	1	1	1	1	1	1	1	1	1	2	1	1	1	1	1	1	1	1	1	1	1	1	1	1	1	1	1	1	1	1	1	1	1	1	1	1	1	1	1	1	1	1	1	1	1	1	1	1	1	1	1	1	1	1	1	1	1	1	1	1	1	1	1	1	1	1	1	1	1	1	2	1	1	1	1	1
KOI	SHC5923E020N02	4771-11-22	0	0	0	0	0	0	0	0	0	0	0	0	0	0	0	0	0	0	0	0	0	0	0	0	0	0	0	0	0	0	0	0	0	0	0	0	0	0	0	0	0	0	0	0	0	0	0	0	0	0	0	0	0	0	0	0	0	0	0	0	0	0	0	0	0	0	0	0	0	0	0	0	0	0	0	0	0	0	0	0	0	0	0	0	0	0	0	0	0	0	0	0	0	0	0	0	0	0	0	0	0	0	0	0	0	0	0	0	0	0	0	0	0	0	0	0	0	1	1	1	1	1	1	1	1	1	1	1	1	1	1	1	1	1	1	1	1	1	1	1	1	1	1	1	1	1	1	1	1	1	1	1	1	0	0	0	0	0
KaLaDuXiong 咔啦嘟熊	SHC5922A014N01	1026415	83	32	68	102	23	49	51	61	51	53	133	36	28	62	65	71	53	64	37	42	44	43	47	66	70	66	59	53	59	54	126	117	69	71	80	80	50	81	81	45	48	36	62	77	74	119	79	4	4	4	4	4	4	4	4	4	4	4	4	4	4	1	1	1	1	1	1	1	1	1	1	1	1	1	1	1	1	1	1	1	1	1	1	1	1	1	1	1	1	1	1	1	1	1	1	1	1	1	1	1	1	1	1	1	1	1	1	1	1	1	1	1	1	1	1	1	1	1	1	1	1	1	1	1	1	1	1	1	1	1	1	1	1	1	1	1	1	1	1	1	1	1	1	1	1	1	1	1	1	1	1	1	1	0	0	0	0	0
KaLeFu 卡勒芙	SHC5923E009A02	1026416	2	2	2	2	2	2	1	2	2	1	1	1	3	3	1	1	2	1	1	1	2	2	0	1	2	2	2	3	1	2	1	1	1	0	1	4	2	1	1	2	6	2	4	7	0	4	12	4	1	3	5	2	1	7	1	1	2	2	1	1	1	1	0	4	1	1	1	1	1	1	1	1	1	1	2	1	4	1	6	1	0	1	9	0	1	6	1	1	1	1	1	3	1	2	1	3	1	1	4	1	2	3	1	1	1	3	1	2	1	1	0	1	1	1	1	1	1	1	1	1	10	3	5	6	1	1	1	1	15	3	1	1	1	0	3	1	6	1	4	1	4	2	7	2	1	4	1	2	1	3	1	3	2	1	2	1	1	3
Kidsland	SHC5923E003N01	1026417	33	6	14	9	3	4	4	8	6	15	14	4	2	5	4	7	13	20	4	4	4	5	5	32	12	7	9	7	7	18	20	32	15	9	6	15	8	20	28	13	8	8	6	15	21	27	7	15	6	7	15	20	20	15	7	6	12	12	16	13	11	10	10	7	8	27	27	8	13	11	17	10	24	19	13	8	3	17	13	20	27	14	11	12	12	9	34	29	9	10	14	11	6	10	12	5	7	5	4	7	9	21	12	5	5	7	8	17	19	3	3	2	4	6	22	23	3	4	1	1	3	8	30	25	22	25	20	23	14	16	3	5	4	6	8	22	25	2	4	5	4	11	11	11	4	2	3	8	10	16	20	5	2	3	2	6	17	11
KouKeLe 口渴了	SHC5923E020N01	#N/A	1	1	1	1	1	1	1	1	1	1	1	1	1	1	1	1	1	1	1	1	1	1	1	1	1	0	0	0	0	0	0	0	0	0	0	0	0	0	0	0	0	0	0	0	0	0	0	0	0	0	0	0	0	0	0	0	0	0	0	0	0	0	0	0	0	0	0	0	0	0	0	0	0	0	0	0	0	0	0	0	0	0	0	0	0	0	0	0	0	0	0	0	0	0	0	0	0	0	0	0	0	0	0	0	0	0	0	0	0	0	0	0	0	0	0	0	0	0	0	0	0	0	0	0	0	0	0	0	0	0	0	0	0	0	0	0	0	0	0	0	0	0	0	0	0	0	0	0	0	0	0	0	0	0	0	0	0	0
KuLeChaoWan 酷乐潮玩	SHC5922B004N02	1026418	1	1	104	1	52	1	56	1	117	1	123	1	19	5	120	59	97	1	37	151	1	1	149	1	1	60	1	1	1	206	48	1	46	1	1	1	11	1	1	157	3	3	156	177	256	354	197	148	177	164	166	282	270	135	150	152	125	133	226	252	153	151	163	177	162	275	397	190	202	144	204	191	284	341	208	192	188	209	201	296	353	194	181	158	192	197	305	362	371	167	182	154	102	205	209	58	71	70	92	99	224	245	58	58	51	64	84	203	163	46	53	53	57	68	141	171	36	58	31	73	53	99	346	272	302	216	221	212	190	119	50	36	47	49	87	154	187	50	63	34	50	96	236	185	65	60	50	48	138	220	249	71	96	54	46	91	217	182
LAMY	SHC5922E013N01	1026421	1	1	1	1	1	1	1	1	1	1	1	1	1	2	0	1	1	1	1	1	0	1	1	1	1	1	2	2	2	0	5	11	1	1	1	1	2	1	1	3	1	1	1	4	1	1	1	1	1	1	2	1	1	1	0	0	1	1	1	1	1	1	1	1	1	2	2	0	1	1	1	1	1	1	1	1	1	1	0	1	1	1	1	1	1	2	3	1	1	3	1	0	1	2	1	1	1	1	4	2	1	1	1	0	2	1	1	1	2	0	0	0	1	0	1	1	1	1	1	1	1	1	6	1	3	1	5	2	9	2	1	0	0	0	0	0	0	0	0	0	0	0	0	0	0	0	0	0	0	0	0	0	0	0	0	0	0	0
LANO 兰诺	SHC5922D025N02	1045836	0	0	0	0	0	0	0	0	0	0	0	0	0	0	0	0	0	0	0	0	0	0	0	0	0	0	0	0	0	0	0	0	0	0	0	0	0	0	0	0	0	0	0	0	0	0	0	0	0	0	0	0	0	0	0	0	0	0	0	0	0	0	0	0	0	0	0	0	0	0	0	0	0	0	0	0	0	0	0	0	0	0	0	0	0	0	0	0	0	0	0	0	0	0	0	0	0	0	0	0	0	0	0	26	32	27	46	59	34	42	38	34	35	30	41	61	15	17	24	36	5	25	51	49	79	53	59	45	46	36	20	25	28	25	16	41	47	20	14	15	15	29	40	37	21	20	17	17	21	28	32	20	14	31	26	21	38	19
LED‘IN 乐町	SHC5922E027N01	1026427	3	4	10	3	1	3	2	1	8	6	8	10	5	2	2	3	10	7	1	5	5	4	2	7	5	3	4	1	7	7	10	17	5	4	2	4	2	8	10	2	2	4	4	3	5	4	7	6	7	3	4	10	7	2	3	4	1	5	8	6	5	4	2	2	2	5	6	9	1	6	3	2	8	8	7	2	5	2	10	7	9	3	2	2	9	12	3	8	4	2	3	1	1	7	4	1	2	3	2	3	10	5	2	1	1	3	2	6	4	2	2	2	0	2	2	6	1	3	1	1	2	3	9	10	6	5	3	1	4	6	2	5	1	0	5	4	1	1	2	2	0	4	2	3	1	1	2	4	0	1	3	1	0	0	2	2	3	2
LNO	SHC5921E005N01	1026435	50	33	58	48	35	26	18	19	5	32	79	26	29	33	23	17	38	33	18	29	20	33	32	40	47	26	35	28	26	22	49	72	43	23	7	36	43	45	49	25	25	44	38	0	0	0	0	0	0	0	0	0	0	0	0	0	0	0	0	0	0	0	0	0	0	0	0	0	0	0	0	0	0	0	0	0	0	0	0	0	0	0	0	0	0	0	0	0	0	0	0	0	0	0	0	0	0	0	0	0	0	0	0	0	0	0	0	0	0	0	0	0	0	0	0	0	0	0	0	0	0	0	0	0	0	0	0	0	0	0	0	0	0	0	0	0	0	0	0	0	0	0	0	0	0	0	0	0	0	0	0	0	0	0	0	0	0	0
La Chapelle 拉夏贝尔	SHC5921B008N01	1026419	62	69	105	146	24	185	43	49	62	92	152	48	68	57	49	131	252	407	66	95	85	60	65	170	197	79	110	81	87	109	760	786	313	120	62	64	114	217	237	91	163	81	71	83	182	4	98	122	69	86	74	139	183	68	115	72	53	43	128	168	62	140	51	54	51	117	110	60	71	50	52	41	93	120	57	76	25	41	387	698	697	143	115	47	41	48	140	128	95	102	47	31	40	93	98	36	95	32	44	52	73	84	29	108	32	23	32	107	140	37	79	1	39	53	87	115	29	42	33	53	35	98	148	168	275	130	129	119	93	79	36	110	26	27	38	87	108	29	23	28	31	50	109	113	26	36	28	36	32	60	71	35	33	20	15	37	64	0
LaiYiFen 来伊份	SHC5922A019A03	1026420	1	2	1	2	2	1	1	1	1	1	1	1	1	1	1	1	1	1	4	1	1	1	1	1	1	1	7	1	1	1	1	1	1	1	1	1	1	1	1	1	3	3	4	4	4	4	4	4	4	4	4	4	4	4	4	4	4	4	4	4	4	1	1	1	1	1	1	1	1	1	1	1	1	1	1	1	1	1	2	1	3	1	1	1	1	2	1	2	2	1	1	1	2	1	1	1	1	1	1	1	1	2	1	2	1	2	1	1	1	1	1	1	1	3	1	1	1	1	1	1	1	2	1	1	1	1	1	1	1	1	1	1	1	1	1	1	2	1	1	1	1	3	1	1	1	1	1	1	1	1	1	1	1	0	0	0	0	0
LanQinYuan  蘭沁園	SHC5923B011N01	1026423	1	4	1	1	1	1	1	1	1	1	1	1	1	1	1	1	1	1	1	1	1	1	1	1	1	1	1	1	1	1	1	1	1	1	1	1	1	1	1	1	1	1	1	1	1	1	1	1	1	1	1	1	1	1	1	1	1	1	1	1	5	1	1	1	1	1	1	1	1	1	1	1	1	1	1	1	1	1	1	1	1	1	1	1	1	1	1	1	1	1	1	2	1	1	1	1	1	1	1	1	1	1	1	1	1	1	1	1	1	1	1	1	1	1	1	1	1	1	1	1	2	1	1	1	1	1	1	1	1	1	1	1	1	1	1	1	1	1	1	1	1	1	1	1	1	1	1	1	1	1	1	1	2	1	1	1	1	1
Lang SKILL 廊艺造型	SHC5923C012N01	1026422	1	1	1	2	1	1	1	1	1	1	1	1	1	1	1	1	1	1	2	0	0	0	1	1	1	1	1	1	1	1	1	1	1	1	1	1	1	1	3	1	1	1	1	1	1	1	1	1	1	1	1	1	1	1	1	1	1	1	1	1	1	1	1	1	1	1	1	1	1	1	1	1	1	1	1	1	1	1	1	1	1	1	1	1	1	1	1	1	1	1	1	1	1	1	1	1	1	1	1	1	1	1	1	2	1	1	1	1	1	1	1	1	1	1	1	1	1	1	1	1	1	1	1	1	1	1	1	1	1	1	1	2	1	1	1	1	1	1	1	1	1	1	1	1	1	1	1	1	1	1	1	1	1	1	1	1	1	1
Le Petit Chateau	SHC5922E004N02	1030195	0	0	0	0	0	0	0	0	0	0	0	0	0	0	0	0	0	0	0	0	2	0	0	0	0	0	5	1	1	1	1	1	1	1	1	1	1	1	1	1	1	1	1	1	1	1	1	1	1	1	1	1	1	1	1	5	1	1	1	1	1	1	1	1	0	1	1	1	1	4	1	1	1	1	1	1	1	1	1	1	1	1	1	1	1	1	1	1	1	1	1	1	1	1	1	1	1	1	1	1	2	1	1	1	1	1	1	1	1	1	1	1	1	1	1	1	1	1	3	1	1	1	1	1	1	1	1	1	1	1	1	1	1	1	2	1	1	1	1	1	1	1	1	1	1	1	1	1	1	1	1	10	3	3	6	2	7	3
Le Saunda 莱尔斯丹	SHC5921E026N02	1026424	8	5	8	5	3	1	1	2	2	1	5	1	1	1	1	2	1	7	1	1	1	2	7	3	9	1	0	0	0	1	9	9	5	3	5	3	3	3	1	0	2	1	4	1	12	7	1	1	6	2	2	10	5	2	3	4	4	3	17	3	2	5	4	2	4	5	3	1	3	2	3	2	4	2	4	0	1	5	4	5	4	7	4	5	3	4	9	4	1	0	4	2	3	0	3	1	2	2	0	1	4	8	2	1	0	4	0	3	2	1	0	0	0	2	9	7	1	2	2	4	1	3	6	4	3	2	4	4	3	2	3	0	1	2	2	7	4	1	3	2	2	0	5	3	0	1	2	0	2	0	6	5	1	3	3	1	10	7
LeBirds	SHC5922A015N02	1026425	1	1	1	1	2	1	1	2	2	1	1	1	1	1	1	1	1	1	1	1	1	1	1	1	1	1	1	1	1	1	1	2	1	1	1	1	1	1	1	1	1	1	1	1	1	1	1	1	1	1	1	1	1	1	1	1	1	1	1	1	5	1	1	1	1	1	3	1	1	1	1	1	1	1	1	1	1	1	1	1	1	1	1	1	1	1	1	1	1	1	1	1	1	1	1	1	1	1	1	1	1	1	1	1	1	1	1	1	1	1	1	1	1	1	1	1	1	1	1	1	1	1	1	1	1	1	1	1	1	1	1	1	1	1	1	1	1	1	1	1	1	1	1	1	1	1	1	1	1	1	1	1	1	1	1	1	1	1
LeShangLiuLiu乐尚溜溜	SHC5922A012N02	1039998	0	0	0	0	0	0	0	0	0	0	0	0	0	0	0	0	0	0	0	0	0	0	0	0	0	0	0	0	0	0	0	0	0	0	0	0	0	0	0	0	0	0	0	0	0	0	0	0	0	0	0	0	0	0	0	0	0	0	0	0	0	0	0	0	0	0	0	0	0	0	0	0	0	0	0	0	0	0	0	0	0	0	0	0	0	0	0	0	0	0	0	0	0	0	0	0	0	0	0	0	1	1	1	1	1	1	1	1	1	1	1	0	0	0	0	0	0	1	0	3	0	0	3	0	0	0	0	0	0	0	0	0	0	0	0	0	0	3	1	0	0	2	3	0	1	0	1	0	0	1	1	0	0	1	0	0	0	0
Leciel 乐莎蕾	SHC5922F010N01	#N/A	330	266	394	410	155	191	178	187	304	370	556	180	177	244	224	247	424	496	188	241	180	177	281	467	485	227	260	357	335	359	600	585	349	281	257	297	394	541	608	276	297	272	279	338	567	679	363	311	354	359	354	572	701	335	340	283	322	377	413	0	0	0	0	0	0	0	0	0	0	0	0	0	0	0	0	0	0	0	0	0	0	0	0	0	0	0	0	0	0	0	0	0	0	0	0	0	0	0	0	0	0	0	0	0	0	0	0	0	0	0	0	0	0	0	0	0	0	0	0	0	0	0	0	0	0	0	0	0	0	0	0	0	0	0	0	0	0	0	0	0	0	0	0	0	0	0	0	0	0	0	0	0	0	0	0	0	0	0
Lee	SHC5921H004N02	1026428	7	10	6	11	4	3	1	4	4	4	7	8	7	4	5	6	10	20	4	4	4	3	6	12	10	9	11	9	7	11	12	16	7	7	4	7	9	19	18	2	9	4	4	4	11	16	4	12	6	4	14	11	4	4	4	4	4	10	13	14	3	10	6	6	6	14	9	4	7	8	12	8	9	11	5	7	17	7	9	21	10	11	3	11	8	7	7	17	9	8	11	9	8	9	11	8	6	7	7	5	8	17	4	4	10	7	5	8	8	5	10	11	4	11	14	17	3	9	11	10	7	5	15	23	12	19	20	12	16	9	7	6	7	6	1	15	11	8	7	6	7	5	12	8	7	7	4	6	5	15	20	9	10	5	3	12	14	15
Lenscrafters 亮视点	SHC5921E014N01	1045838	1	1	1	1	1	1	4	1	1	1	1	1	1	1	1	1	1	1	1	1	1	1	1	1	1	1	1	1	1	1	1	1	1	1	1	1	1	1	1	1	1	1	1	1	5	5	1	1	5	1	1	1	1	1	1	1	1	1	1	1	1	1	1	1	1	1	1	1	1	1	2	1	1	1	1	1	1	1	1	1	1	1	1	1	2	1	1	1	3	1	1	1	1	1	1	1	1	1	1	1	1	1	1	1	1	1	1	1	1	1	1	1	1	1	1	1	1	1	1	1	1	2	1	1	1	1	1	1	1	1	1	1	1	1	1	1	1	1	1	1	1	1	1	1	1	1	0	1	1	1	1	1	2	1	1	1	1	1
LeshiShengHuo 乐适生活	SHC5923H008N02	1026430	1	1	1	1	1	1	1	1	1	1	1	0	1	1	1	1	1	1	1	1	1	1	1	1	1	1	1	1	1	1	1	1	1	1	1	1	1	1	1	1	1	1	1	1	1	1	1	1	1	1	1	1	1	1	1	5	1	1	1	1	1	1	1	1	1	1	1	1	1	1	1	1	1	1	1	1	1	1	1	1	1	1	1	1	1	1	1	1	1	1	1	1	1	1	1	1	1	1	1	1	1	1	1	1	1	1	1	1	1	1	1	1	1	1	1	1	1	1	1	1	1	1	1	1	1	1	1	1	1	1	1	1	1	1	1	1	1	1	1	1	1	1	1	1	1	1	1	1	1	1	1	1	1	1	1	1	1	1
Less	SHC5921E016N01	1026431	1	2	2	2	1	1	2	1	0	2	1	2	2	2	1	1	6	3	4	3	2	1	1	3	3	2	3	2	1	2	11	5	0	2	3	3	1	1	2	1	2	2	2	3	6	1	3	1	1	1	2	6	1	2	2	3	6	2	7	1	0	1	3	1	1	1	7	0	2	1	2	2	1	1	0	1	3	3	1	1	4	1	3	1	1	1	1	1	1	1	2	0	0	2	1	1	1	1	1	1	2	1	0	1	1	2	1	2	1	1	3	2	4	2	1	1	1	1	0	2	1	2	4	5	6	1	3	4	8	1	2	1	5	0	5	2	1	1	4	1	4	1	3	4	1	2	1	5	2	2	7	3	6	3	1	1	5	2
Levi's	SHC5921H009N02	1026432	7	4	10	10	3	7	7	5	8	12	16	5	4	2	5	14	18	17	3	12	4	2	12	26	21	6	8	14	12	26	54	46	12	14	15	11	10	23	31	9	4	11	9	18	22	27	9	9	11	9	15	32	24	6	10	8	9	13	21	20	23	4	9	14	37	53	63	6	8	9	7	13	21	20	9	8	8	9	15	13	15	6	5	4	3	8	9	11	6	2	5	6	11	12	23	6	1	5	3	4	11	14	4	4	3	5	6	10	13	6	6	6	5	8	0	0	0	0	0	0	51	28	36	50	39	22	28	30	23	14	5	5	4	5	3	14	15	5	4	6	9	14	20	23	5	5	9	4	8	14	14	5	4	2	4	12	8	16
LiNing 李宁	SHC5922F007N03	1026433	0	0	0	0	0	0	0	0	0	0	0	3	3	0	0	3	3	3	3	3	3	3	3	3	3	3	3	3	3	0	3	3	3	3	3	3	3	3	3	3	3	3	4	4	4	4	4	4	4	4	4	4	4	4	4	9	4	9	9	9	9	1	3	3	3	3	3	3	3	3	3	3	3	3	3	3	1	3	3	3	3	3	3	3	3	3	3	3	3	3	3	3	3	3	3	3	3	3	3	3	3	3	3	3	3	3	3	3	3	3	3	3	3	3	3	3	3	3	3	3	3	3	3	3	3	3	3	3	3	3	3	3	3	1	3	3	3	3	3	3	3	3	3	3	3	3	3	3	3	3	3	3	3	1	1	1	1	1
LinQingXuan 林清轩	SHC5922B021N01	1026434	1	1	1	1	1	1	2	1	1	1	1	1	1	1	1	1	1	1	0	0	0	0	0	0	0	0	0	0	2	2	9	27	4	1	2	1	1	1	1	1	1	1	1	1	1	1	1	1	1	1	1	1	1	1	1	1	1	1	1	1	1	1	1	1	1	2	1	1	1	1	1	1	2	1	1	1	1	1	1	1	1	1	1	1	1	1	1	1	1	3	1	1	1	1	1	1	1	1	1	3	1	1	1	1	1	1	1	1	1	1	1	1	1	1	1	1	1	1	1	1	1	1	1	1	9	9	4	3	5	13	1	1	1	1	1	2	1	1	1	1	1	2	1	2	1	1	2	1	1	1	1	1	2	1	1	1	1	1
LongTian Sushi 龙田寿司	SHC5923E013N01	1026436	77	31	74	79	27	31	30	36	47	73	78	22	26	40	42	51	79	84	35	30	19	44	58	80	88	38	52	49	52	64	100	106	49	40	43	32	56	92	95	51	48	46	43	56	99	91	42	45	47	50	53	89	110	49	58	53	54	66	86	90	65	48	51	63	68	101	111	60	46	63	52	69	1	1	1	1	1	1	1	1	1	51	66	61	52	70	100	99	103	66	59	47	57	81	59	25	32	32	30	44	83	87	29	31	29	32	42	73	77	23	30	26	30	33	84	58	24	37	24	31	30	44	79	83	87	79	79	74	70	65	21	23	25	28	1	71	70	18	23	27	26	46	63	68	21	23	25	24	35	54	71	27	23	19	24	43	63	61
Love Infinite 爱八寸	SHC5923H013N02	1026437	2	2	2	2	2	2	2	2	2	2	2	2	2	2	2	2	2	2	2	2	2	2	2	2	2	2	2	2	2	2	4	4	4	4	4	4	4	4	4	4	4	4	5	5	5	5	5	5	5	5	5	5	5	5	5	5	5	5	5	5	5	2	2	1	2	2	2	2	2	2	2	2	2	2	2	2	2	1	2	2	2	2	2	2	2	2	2	2	2	2	2	3	2	2	2	1	2	1	2	1	2	2	2	2	2	2	2	2	2	2	2	2	2	2	2	2	2	2	2	2	2	2	2	2	2	2	2	2	2	2	2	2	2	2	2	2	2	2	2	2	2	2	2	2	2	2	2	2	2	2	2	2	2	1	1	1	1	1
LuDao 鹿岛	SHC5921D019N02	1026438	316	215	424	519	141	170	172	174	209	311	554	174	141	169	140	205	381	461	143	156	159	169	175	322	384	169	190	164	182	234	553	677	206	213	203	221	237	477	553	218	220	250	195	254	472	626	243	238	223	248	261	518	578	236	247	221	232	217	428	502	209	203	172	200	225	412	510	189	164	198	177	224	367	445	171	207	155	180	188	334	388	177	157	176	166	191	310	418	253	161	193	137	161	329	404	115	128	152	155	141	374	386	167	149	133	160	189	367	425	166	158	203	172	224	439	535	126	197	154	210	196	292	670	689	686	590	659	623	470	390	149	157	175	230	232	582	663	194	219	229	189	240	457	587	214	196	179	184	201	417	539	176	226	216	172	267	499	529
M-graph	SHC5921H003N01	1026449	1	1	1	1	1	1	0	0	1	1	1	1	1	1	1	1	1	1	1	1	1	0	1	1	1	1	1	1	1	1	1	1	1	1	1	1	1	1	1	1	3	3	4	4	4	4	4	4	4	4	4	4	4	4	4	4	4	4	4	4	4	1	1	1	1	1	1	1	1	1	1	1	1	1	1	1	1	1	1	1	1	1	1	1	1	1	1	1	1	1	1	1	1	1	1	1	1	1	1	1	1	1	1	1	2	1	2	8	5	1	1	2	2	2	5	5	4	9	3	6	4	10	12	15	13	10	19	10	3	9	3	4	5	5	0	12	9	6	6	1	9	9	10	8	3	4	5	2	2	7	8	4	6	6	5	5	12	12
MATI FASHION 麦梯定制	SHC5922E015N02	1026443	1	1	1	0	1	0	0	1	0	2	0	0	1	1	1	1	1	1	2	0	2	1	0	1	1	1	1	0	1	1	15	1	0	0	0	1	0	1	1	0	0	1	4	4	4	4	1	0	0	0	1	1	0	0	0	0	1	1	4	4	4	1	1	1	1	1	1	1	1	1	0	1	1	1	0	1	1	1	1	1	1	1	0	1	0	0	1	1	1	1	1	1	1	0	1	0	0	0	0	0	1	1	0	0	1	1	1	0	0	0	0	0	1	1	0	1	1	1	1	1	1	0	1	1	0	0	0	0	1	0	0	0	0	0	1	0	1	1	0	1	0	0	0	0	0	0	1	0	0	1	0	0	1	1	0	1	1	0
MINISO 名创优品	SHC5922C015N02	1026454	1	1	1	1	1	1	1	1	1	1	1	1	1	1	1	1	1	2	2	1	1	1	1	2	1	1	1	1	3	2	1	1	1	1	1	1	1	1	1	1	1	1	1	1	1	5	1	1	1	1	1	1	1	1	1	1	1	4	1	1	1	1	1	1	1	1	1	1	1	1	1	1	1	1	1	1	1	1	1	1	1	1	1	1	1	1	1	1	1	1	1	1	1	1	1	1	1	1	1	1	2	1	1	1	1	1	1	1	1	1	1	1	1	1	1	1	1	1	1	1	1	2	1	1	1	1	1	1	1	1	1	1	1	1	1	1	1	1	1	1	1	1	1	1	1	1	1	1	1	1	1	1	2	1	1	1	1	1
MISSHA 谜尚	SHC5921B001A01	1026455	9	11	7	16	7	17	10	19	8	8	19	12	5	9	3	26	28	34	13	9	7	2	6	18	15	10	12	8	9	5	25	13	22	8	10	7	15	10	14	11	12	11	7	6	21	16	9	11	15	7	12	11	17	10	8	11	6	5	18	16	13	11	8	11	10	14	17	8	8	9	6	9	7	13	19	10	12	5	18	13	19	4	11	4	14	11	13	17	18	2	10	12	7	10	15	15	8	8	6	10	9	14	8	3	10	4	14	11	11	11	7	3	5	10	6	13	10	3	12	4	10	10	26	23	18	17	16	21	13	26	14	14	8	4	8	14	11	5	9	10	5	7	11	14	9	14	12	5	14	13	12	3	9	21	8	12	14	26
MLB	SHC5922H006N01	1026457	8	6	5	6	2	1	2	3	4	5	3	3	1	1	6	3	3	8	2	3	3	1	4	15	20	3	5	3	3	6	22	22	3	1	1	2	4	4	11	4	7	6	3	4	12	14	5	7	7	3	6	12	7	4	2	3	6	5	15	12	12	9	9	8	3	9	10	5	2	2	4	6	9	14	5	3	8	3	1	10	10	4	7	8	4	4	8	15	9	5	2	7	6	8	11	3	6	4	3	1	10	4	3	4	1	1	4	7	4	4	1	2	3	4	8	4	1	4	1	3	1	1	9	7	10	8	7	11	7	5	1	2	2	6	3	7	4	3	5	1	5	3	6	7	1	4	4	2	5	7	5	3	1	1	2	2	12	4
MLILY 梦百合	SHC5922C003N01	1026458	4	2	7	9	2	0	0	1	0	2	2	1	6	2	2	2	5	5	0	5	1	1	3	1	3	1	0	2	4	2	6	2	2	2	1	3	3	1	6	1	5	3	0	2	5	5	2	8	2	2	4	1	1	0	3	0	2	1	5	2	0	1	0	2	3	2	7	5	6	2	2	3	5	4	4	3	3	3	3	6	5	3	7	0	2	2	4	4	4	3	6	0	3	4	5	1	2	3	2	5	1	4	0	2	4	2	2	5	9	5	2	1	2	2	3	1	0	2	2	1	3	3	6	9	11	4	6	5	2	5	2	1	3	2	2	2	2	3	2	3	4	2	1	5	1	1	1	1	2	2	4	4	3	2	1	2	3	2
MOOMOO	SHC5921A006N02	1037067	0	0	0	0	0	0	0	0	0	0	0	0	0	0	0	0	0	0	0	0	0	0	0	0	0	0	0	0	0	0	0	0	0	0	0	0	0	0	0	0	0	0	0	0	0	0	0	0	0	0	0	0	0	0	0	0	0	0	4	4	4	1	3	1	1	1	1	1	1	1	1	1	1	1	1	1	1	1	1	1	1	2	1	7	1	1	1	2	1	1	1	1	1	2	1	1	1	1	1	1	2	1	1	1	1	1	1	1	1	1	1	1	1	1	1	1	1	1	1	1	1	1	2	1	1	1	1	1	1	1	1	1	1	1	1	1	1	1	1	1	1	1	1	1	1	1	1	2	1	1	1	1	1	1	1	1	1	1
Mac&Jor	#N/A	#N/A	4	4	4	1	7	1	1	1	2	3	3	2	2	0	1	0	0	0	0	0	0	0	0	0	0	0	0	0	0	0	0	0	0	0	0	0	0	0	0	0	0	0	0	0	0	0	0	0	0	0	0	0	0	0	0	0	0	0	0	0	0	0	0	0	0	0	0	0	0	0	0	0	0	0	0	0	0	0	0	0	0	0	0	0	0	0	0	0	0	0	0	0	0	0	0	0	0	0	0	0	0	0	0	0	0	0	0	0	0	0	0	0	0	0	0	0	0	0	0	0	0	0	0	0	0	0	0	0	0	0	0	0	0	0	0	0	0	0	0	0	0	0	0	0	0	0	0	0	0	0	0	0	0	0	0	0	0	0
Macau Taste澳门味道	SHC5922H011N02	1039999	0	0	0	0	0	0	0	0	0	0	0	0	0	0	0	0	0	0	0	0	0	0	0	0	0	0	0	0	0	0	0	0	0	0	0	0	0	0	0	0	0	0	0	0	0	0	0	0	0	0	0	0	0	0	0	0	0	0	0	0	0	0	0	0	0	0	0	0	0	0	0	0	0	0	0	0	0	0	0	0	0	0	0	0	0	0	0	0	0	0	0	0	0	0	0	0	0	0	0	0	0	0	0	0	0	0	0	0	0	0	0	0	0	0	0	0	0	0	0	0	0	0	0	0	0	0	0	0	0	0	0	0	0	0	0	0	0	0	0	0	0	0	0	1	1	1	1	1	1	1	1	0	0	0	0	0	0	0
Mango	SHC5921B020N01	#N/A	6	10	20	16	2	2	7	6	7	7	16	12	6	13	9	14	43	37	5	16	13	17	10	24	30	14	8	13	13	22	23	40	9	6	6	7	6	30	30	13	14	6	8	3	23	35	10	14	18	11	13	33	18	7	9	5	8	7	21	21	8	11	9	4	11	10	21	8	4	4	4	8	18	15	9	7	0	0	0	0	0	0	0	0	0	0	0	0	0	0	0	0	0	0	0	0	0	0	0	0	0	0	0	0	0	0	0	0	0	0	0	0	0	0	0	0	0	0	0	0	0	0	0	0	0	0	0	0	0	0	0	0	0	0	0	0	0	0	0	0	0	0	0	0	0	0	0	0	0	0	0	0	0	0	0	0	0	0
Maple House 美朴生活	SHC5923H005N01	1026441	1	1	1	1	1	1	1	1	1	1	1	1	1	1	1	1	1	1	1	1	1	1	1	1	1	1	1	1	1	1	3	3	3	3	3	3	3	3	3	3	3	3	4	4	4	4	4	4	4	4	4	4	4	4	4	4	4	4	4	4	4	1	1	1	1	1	1	1	1	1	1	1	1	1	1	1	1	1	1	1	1	1	1	1	1	1	1	1	1	1	1	1	1	1	1	1	1	1	1	1	1	1	1	1	1	1	1	1	1	1	1	1	2	1	1	1	1	1	1	1	1	1	1	1	1	1	1	1	1	1	1	1	1	1	1	1	1	1	1	1	1	1	1	2	1	1	2	1	1	1	1	6	1	4	10	14	23	19
